date,status,attacker,victim,leg_infrence_cnts,sus_infrence_cnts,path_cnts,type,valid_origin,recurrent,local,inference_id,leg_flag,sus_flag
2022-12-10,sus,1031,52814,0,10,9,1,True,True,False,1,0,9
2022-12-10,sus,1031,52814,0,10,9,1,True,True,False,2,0,9
2022-12-10,sus,1031,52814,0,10,9,1,True,True,False,3,0,9
2022-12-10,sus,1031,52814,0,10,9,1,True,True,False,4,0,9
2022-12-10,sus,1031,52814,0,10,9,1,True,True,False,5,0,9
2022-12-10,sus,1031,52814,0,10,9,1,True,True,False,6,0,9
2022-12-10,sus,1031,52814,0,10,9,1,True,True,False,7,0,9
2022-12-10,sus,1031,52814,0,10,9,1,True,True,False,8,0,9
2022-12-10,sus,1031,52814,0,10,9,1,True,True,False,9,0,9
2022-12-10,sus,1031,52814,0,10,9,1,True,True,False,10,0,9
2022-12-10,sus,138567,138756,2,8,5,2,True,True,False,1,5,0
2022-12-10,sus,138567,138756,2,8,5,2,True,True,False,2,0,5
2022-12-10,sus,138567,138756,2,8,5,2,True,True,False,3,2,3
2022-12-10,sus,138567,138756,2,8,5,2,True,True,False,4,5,0
2022-12-10,sus,138567,138756,2,8,5,2,True,True,False,5,0,5
2022-12-10,sus,138567,138756,2,8,5,2,True,True,False,6,0,5
2022-12-10,sus,138567,138756,2,8,5,2,True,True,False,7,0,5
2022-12-10,sus,138567,138756,2,8,5,2,True,True,False,8,0,5
2022-12-10,sus,138567,138756,2,8,5,2,True,True,False,9,0,5
2022-12-10,sus,138567,138756,2,8,5,2,True,True,False,10,0,5
2022-12-10,sus,9002,201102,8,2,6,1,True,True,False,1,3,3
2022-12-10,sus,9002,201102,8,2,6,1,True,True,False,2,4,2
2022-12-10,sus,9002,201102,8,2,6,1,True,True,False,3,3,3
2022-12-10,sus,9002,201102,8,2,6,1,True,True,False,4,5,1
2022-12-10,sus,9002,201102,8,2,6,1,True,True,False,5,5,1
2022-12-10,sus,9002,201102,8,2,6,1,True,True,False,6,5,1
2022-12-10,sus,9002,201102,8,2,6,1,True,True,False,7,5,1
2022-12-10,sus,9002,201102,8,2,6,1,True,True,False,8,5,1
2022-12-10,sus,9002,201102,8,2,6,1,True,True,False,9,5,1
2022-12-10,sus,9002,201102,8,2,6,1,True,True,False,10,5,1
2022-12-10,sus,835,8674,7,3,2,2,True,True,False,1,0,2
2022-12-10,sus,835,8674,7,3,2,2,True,True,False,2,0,2
2022-12-10,sus,835,8674,7,3,2,2,True,True,False,3,0,2
2022-12-10,sus,835,8674,7,3,2,2,True,True,False,4,2,0
2022-12-10,sus,835,8674,7,3,2,2,True,True,False,5,2,0
2022-12-10,sus,835,8674,7,3,2,2,True,True,False,6,2,0
2022-12-10,sus,835,8674,7,3,2,2,True,True,False,7,2,0
2022-12-10,sus,835,8674,7,3,2,2,True,True,False,8,2,0
2022-12-10,sus,835,8674,7,3,2,2,True,True,False,9,2,0
2022-12-10,sus,835,8674,7,3,2,2,True,True,False,10,2,0
2022-12-10,sus,56655,213316,2,8,1877,1,True,True,False,1,97,1780
2022-12-10,sus,56655,213316,2,8,1877,1,True,True,False,2,106,1771
2022-12-10,sus,56655,213316,2,8,1877,1,True,True,False,3,177,1700
2022-12-10,sus,56655,213316,2,8,1877,1,True,True,False,4,480,1397
2022-12-10,sus,56655,213316,2,8,1877,1,True,True,False,5,671,1206
2022-12-10,sus,56655,213316,2,8,1877,1,True,True,False,6,735,1142
2022-12-10,sus,56655,213316,2,8,1877,1,True,True,False,7,788,1089
2022-12-10,sus,56655,213316,2,8,1877,1,True,True,False,8,974,903
2022-12-10,sus,56655,213316,2,8,1877,1,True,True,False,9,873,1004
2022-12-10,sus,56655,213316,2,8,1877,1,True,True,False,10,1679,198
2022-12-10,sus,50238,57523,0,10,4,1,True,True,False,1,0,4
2022-12-10,sus,50238,57523,0,10,4,1,True,True,False,2,0,4
2022-12-10,sus,50238,57523,0,10,4,1,True,True,False,3,0,4
2022-12-10,sus,50238,57523,0,10,4,1,True,True,False,4,0,4
2022-12-10,sus,50238,57523,0,10,4,1,True,True,False,5,0,4
2022-12-10,sus,50238,57523,0,10,4,1,True,True,False,6,0,4
2022-12-10,sus,50238,57523,0,10,4,1,True,True,False,7,0,4
2022-12-10,sus,50238,57523,0,10,4,1,True,True,False,8,0,4
2022-12-10,sus,50238,57523,0,10,4,1,True,True,False,9,0,4
2022-12-10,sus,50238,57523,0,10,4,1,True,True,False,10,0,4
2022-12-10,sus,61568,272459,7,3,1,2,True,True,True,1,0,1
2022-12-10,sus,61568,272459,7,3,1,2,True,True,True,2,0,1
2022-12-10,sus,61568,272459,7,3,1,2,True,True,True,3,0,1
2022-12-10,sus,61568,272459,7,3,1,2,True,True,True,4,1,0
2022-12-10,sus,61568,272459,7,3,1,2,True,True,True,5,1,0
2022-12-10,sus,61568,272459,7,3,1,2,True,True,True,6,1,0
2022-12-10,sus,61568,272459,7,3,1,2,True,True,True,7,1,0
2022-12-10,sus,61568,272459,7,3,1,2,True,True,True,8,1,0
2022-12-10,sus,61568,272459,7,3,1,2,True,True,True,9,1,0
2022-12-10,sus,61568,272459,7,3,1,2,True,True,True,10,1,0
2022-12-10,sus,199775,201508,0,10,5,1,True,True,False,1,1,4
2022-12-10,sus,199775,201508,0,10,5,1,True,True,False,2,1,4
2022-12-10,sus,199775,201508,0,10,5,1,True,True,False,3,1,4
2022-12-10,sus,199775,201508,0,10,5,1,True,True,False,4,1,4
2022-12-10,sus,199775,201508,0,10,5,1,True,True,False,5,1,4
2022-12-10,sus,199775,201508,0,10,5,1,True,True,False,6,1,4
2022-12-10,sus,199775,201508,0,10,5,1,True,True,False,7,1,4
2022-12-10,sus,199775,201508,0,10,5,1,True,True,False,8,1,4
2022-12-10,sus,199775,201508,0,10,5,1,True,True,False,9,1,4
2022-12-10,sus,199775,201508,0,10,5,1,True,True,False,10,1,4
2022-12-10,sus,202274,204274,6,4,2,"2,3",True,True,False,1,2,0
2022-12-10,sus,202274,204274,6,4,2,"2,3",True,True,False,2,2,0
2022-12-10,sus,202274,204274,6,4,2,"2,3",True,True,False,3,2,0
2022-12-10,sus,202274,204274,6,4,2,"2,3",True,True,False,4,2,0
2022-12-10,sus,202274,204274,6,4,2,"2,3",True,True,False,5,2,0
2022-12-10,sus,202274,204274,6,4,2,"2,3",True,True,False,6,0,2
2022-12-10,sus,202274,204274,6,4,2,"2,3",True,True,False,7,2,0
2022-12-10,sus,202274,204274,6,4,2,"2,3",True,True,False,8,1,1
2022-12-10,sus,202274,204274,6,4,2,"2,3",True,True,False,9,0,2
2022-12-10,sus,202274,204274,6,4,2,"2,3",True,True,False,10,0,2
2022-12-10,sus,34918,58192,0,10,324,1,True,False,False,1,0,324
2022-12-10,sus,34918,58192,0,10,324,1,True,False,False,2,0,324
2022-12-10,sus,34918,58192,0,10,324,1,True,False,False,3,0,324
2022-12-10,sus,34918,58192,0,10,324,1,True,False,False,4,0,324
2022-12-10,sus,34918,58192,0,10,324,1,True,False,False,5,0,324
2022-12-10,sus,34918,58192,0,10,324,1,True,False,False,6,0,324
2022-12-10,sus,34918,58192,0,10,324,1,True,False,False,7,0,324
2022-12-10,sus,34918,58192,0,10,324,1,True,False,False,8,0,324
2022-12-10,sus,34918,58192,0,10,324,1,True,False,False,9,0,324
2022-12-10,sus,34918,58192,0,10,324,1,True,False,False,10,0,324
2022-12-10,sus,49800,50889,7,3,17,1,True,True,False,1,0,17
2022-12-10,sus,49800,50889,7,3,17,1,True,True,False,2,0,17
2022-12-10,sus,49800,50889,7,3,17,1,True,True,False,3,0,17
2022-12-10,sus,49800,50889,7,3,17,1,True,True,False,4,17,0
2022-12-10,sus,49800,50889,7,3,17,1,True,True,False,5,14,3
2022-12-10,sus,49800,50889,7,3,17,1,True,True,False,6,17,0
2022-12-10,sus,49800,50889,7,3,17,1,True,True,False,7,16,1
2022-12-10,sus,49800,50889,7,3,17,1,True,True,False,8,17,0
2022-12-10,sus,49800,50889,7,3,17,1,True,True,False,9,17,0
2022-12-10,sus,49800,50889,7,3,17,1,True,True,False,10,17,0
2022-12-10,sus,50058,213367,5,5,116,1,True,True,False,1,0,116
2022-12-10,sus,50058,213367,5,5,116,1,True,True,False,2,2,114
2022-12-10,sus,50058,213367,5,5,116,1,True,True,False,3,7,109
2022-12-10,sus,50058,213367,5,5,116,1,True,True,False,4,5,111
2022-12-10,sus,50058,213367,5,5,116,1,True,True,False,5,93,23
2022-12-10,sus,50058,213367,5,5,116,1,True,True,False,6,54,62
2022-12-10,sus,50058,213367,5,5,116,1,True,True,False,7,102,14
2022-12-10,sus,50058,213367,5,5,116,1,True,True,False,8,94,22
2022-12-10,sus,50058,213367,5,5,116,1,True,True,False,9,98,18
2022-12-10,sus,50058,213367,5,5,116,1,True,True,False,10,101,15
2022-12-10,sus,50581,202427,8,2,1,1,True,False,False,1,0,1
2022-12-10,sus,50581,202427,8,2,1,1,True,False,False,2,0,1
2022-12-10,sus,50581,202427,8,2,1,1,True,False,False,3,1,0
2022-12-10,sus,50581,202427,8,2,1,1,True,False,False,4,1,0
2022-12-10,sus,50581,202427,8,2,1,1,True,False,False,5,1,0
2022-12-10,sus,50581,202427,8,2,1,1,True,False,False,6,1,0
2022-12-10,sus,50581,202427,8,2,1,1,True,False,False,7,1,0
2022-12-10,sus,50581,202427,8,2,1,1,True,False,False,8,1,0
2022-12-10,sus,50581,202427,8,2,1,1,True,False,False,9,1,0
2022-12-10,sus,50581,202427,8,2,1,1,True,False,False,10,1,0
2022-12-10,sus,9886,49304,5,5,11,1,True,True,False,1,4,7
2022-12-10,sus,9886,49304,5,5,11,1,True,True,False,2,4,7
2022-12-10,sus,9886,49304,5,5,11,1,True,True,False,3,4,7
2022-12-10,sus,9886,49304,5,5,11,1,True,True,False,4,5,6
2022-12-10,sus,9886,49304,5,5,11,1,True,True,False,5,5,6
2022-12-10,sus,9886,49304,5,5,11,1,True,True,False,6,6,5
2022-12-10,sus,9886,49304,5,5,11,1,True,True,False,7,6,5
2022-12-10,sus,9886,49304,5,5,11,1,True,True,False,8,6,5
2022-12-10,sus,9886,49304,5,5,11,1,True,True,False,9,6,5
2022-12-10,sus,9886,49304,5,5,11,1,True,True,False,10,6,5
2022-12-10,sus,8866,51859,9,1,5,1,True,True,False,1,0,5
2022-12-10,sus,8866,51859,9,1,5,1,True,True,False,2,4,1
2022-12-10,sus,8866,51859,9,1,5,1,True,True,False,3,5,0
2022-12-10,sus,8866,51859,9,1,5,1,True,True,False,4,5,0
2022-12-10,sus,8866,51859,9,1,5,1,True,True,False,5,5,0
2022-12-10,sus,8866,51859,9,1,5,1,True,True,False,6,5,0
2022-12-10,sus,8866,51859,9,1,5,1,True,True,False,7,5,0
2022-12-10,sus,8866,51859,9,1,5,1,True,True,False,8,5,0
2022-12-10,sus,8866,51859,9,1,5,1,True,True,False,9,5,0
2022-12-10,sus,8866,51859,9,1,5,1,True,True,False,10,5,0
2022-12-10,sus,1273,42385,0,10,6,1,True,True,False,1,0,6
2022-12-10,sus,1273,42385,0,10,6,1,True,True,False,2,0,6
2022-12-10,sus,1273,42385,0,10,6,1,True,True,False,3,0,6
2022-12-10,sus,1273,42385,0,10,6,1,True,True,False,4,0,6
2022-12-10,sus,1273,42385,0,10,6,1,True,True,False,5,0,6
2022-12-10,sus,1273,42385,0,10,6,1,True,True,False,6,1,5
2022-12-10,sus,1273,42385,0,10,6,1,True,True,False,7,0,6
2022-12-10,sus,1273,42385,0,10,6,1,True,True,False,8,1,5
2022-12-10,sus,1273,42385,0,10,6,1,True,True,False,9,1,5
2022-12-10,sus,1273,42385,0,10,6,1,True,True,False,10,1,5
2022-12-10,sus,267622,271377,7,3,117,1,False,True,False,1,2,115
2022-12-10,sus,267622,271377,7,3,117,1,False,True,False,2,3,114
2022-12-10,sus,267622,271377,7,3,117,1,False,True,False,3,2,115
2022-12-10,sus,267622,271377,7,3,117,1,False,True,False,4,106,11
2022-12-10,sus,267622,271377,7,3,117,1,False,True,False,5,116,1
2022-12-10,sus,267622,271377,7,3,117,1,False,True,False,6,116,1
2022-12-10,sus,267622,271377,7,3,117,1,False,True,False,7,115,2
2022-12-10,sus,267622,271377,7,3,117,1,False,True,False,8,115,2
2022-12-10,sus,267622,271377,7,3,117,1,False,True,False,9,117,0
2022-12-10,sus,267622,271377,7,3,117,1,False,True,False,10,116,1
2022-12-10,sus,263571,272724,0,10,165,1,True,False,False,1,0,165
2022-12-10,sus,263571,272724,0,10,165,1,True,False,False,2,0,165
2022-12-10,sus,263571,272724,0,10,165,1,True,False,False,3,1,164
2022-12-10,sus,263571,272724,0,10,165,1,True,False,False,4,1,164
2022-12-10,sus,263571,272724,0,10,165,1,True,False,False,5,1,164
2022-12-10,sus,263571,272724,0,10,165,1,True,False,False,6,0,165
2022-12-10,sus,263571,272724,0,10,165,1,True,False,False,7,0,165
2022-12-10,sus,263571,272724,0,10,165,1,True,False,False,8,1,164
2022-12-10,sus,263571,272724,0,10,165,1,True,False,False,9,2,163
2022-12-10,sus,263571,272724,0,10,165,1,True,False,False,10,1,164
2022-12-10,sus,29966,396828,6,4,3,1,True,True,False,1,2,1
2022-12-10,sus,29966,396828,6,4,3,1,True,True,False,2,2,1
2022-12-10,sus,29966,396828,6,4,3,1,True,True,False,3,1,2
2022-12-10,sus,29966,396828,6,4,3,1,True,True,False,4,1,2
2022-12-10,sus,29966,396828,6,4,3,1,True,True,False,5,1,2
2022-12-10,sus,29966,396828,6,4,3,1,True,True,False,6,2,1
2022-12-10,sus,29966,396828,6,4,3,1,True,True,False,7,3,0
2022-12-10,sus,29966,396828,6,4,3,1,True,True,False,8,1,2
2022-12-10,sus,29966,396828,6,4,3,1,True,True,False,9,2,1
2022-12-10,sus,29966,396828,6,4,3,1,True,True,False,10,2,1
2022-12-10,sus,270984,273623,0,10,117,1,True,True,False,1,16,101
2022-12-10,sus,270984,273623,0,10,117,1,True,True,False,2,16,101
2022-12-10,sus,270984,273623,0,10,117,1,True,True,False,3,16,101
2022-12-10,sus,270984,273623,0,10,117,1,True,True,False,4,16,101
2022-12-10,sus,270984,273623,0,10,117,1,True,True,False,5,16,101
2022-12-10,sus,270984,273623,0,10,117,1,True,True,False,6,17,100
2022-12-10,sus,270984,273623,0,10,117,1,True,True,False,7,16,101
2022-12-10,sus,270984,273623,0,10,117,1,True,True,False,8,17,100
2022-12-10,sus,270984,273623,0,10,117,1,True,True,False,9,17,100
2022-12-10,sus,270984,273623,0,10,117,1,True,True,False,10,18,99
2022-12-10,sus,200950,208375,0,10,25,1,True,True,False,1,1,24
2022-12-10,sus,200950,208375,0,10,25,1,True,True,False,2,0,25
2022-12-10,sus,200950,208375,0,10,25,1,True,True,False,3,1,24
2022-12-10,sus,200950,208375,0,10,25,1,True,True,False,4,1,24
2022-12-10,sus,200950,208375,0,10,25,1,True,True,False,5,1,24
2022-12-10,sus,200950,208375,0,10,25,1,True,True,False,6,0,25
2022-12-10,sus,200950,208375,0,10,25,1,True,True,False,7,0,25
2022-12-10,sus,200950,208375,0,10,25,1,True,True,False,8,0,25
2022-12-10,sus,200950,208375,0,10,25,1,True,True,False,9,1,24
2022-12-10,sus,200950,208375,0,10,25,1,True,True,False,10,0,25
2022-12-10,sus,37100,329021,9,1,1,1,True,True,False,1,0,1
2022-12-10,sus,37100,329021,9,1,1,1,True,True,False,2,1,0
2022-12-10,sus,37100,329021,9,1,1,1,True,True,False,3,1,0
2022-12-10,sus,37100,329021,9,1,1,1,True,True,False,4,1,0
2022-12-10,sus,37100,329021,9,1,1,1,True,True,False,5,1,0
2022-12-10,sus,37100,329021,9,1,1,1,True,True,False,6,1,0
2022-12-10,sus,37100,329021,9,1,1,1,True,True,False,7,1,0
2022-12-10,sus,37100,329021,9,1,1,1,True,True,False,8,1,0
2022-12-10,sus,37100,329021,9,1,1,1,True,True,False,9,1,0
2022-12-10,sus,37100,329021,9,1,1,1,True,True,False,10,1,0
2022-12-10,sus,15830,263641,0,10,1,3,True,True,False,1,0,1
2022-12-10,sus,15830,263641,0,10,1,3,True,True,False,2,0,1
2022-12-10,sus,15830,263641,0,10,1,3,True,True,False,3,0,1
2022-12-10,sus,15830,263641,0,10,1,3,True,True,False,4,0,1
2022-12-10,sus,15830,263641,0,10,1,3,True,True,False,5,0,1
2022-12-10,sus,15830,263641,0,10,1,3,True,True,False,6,0,1
2022-12-10,sus,15830,263641,0,10,1,3,True,True,False,7,0,1
2022-12-10,sus,15830,263641,0,10,1,3,True,True,False,8,0,1
2022-12-10,sus,15830,263641,0,10,1,3,True,True,False,9,0,1
2022-12-10,sus,15830,263641,0,10,1,3,True,True,False,10,0,1
2022-12-10,sus,44477,49434,8,2,62,1,True,True,False,1,2,60
2022-12-10,sus,44477,49434,8,2,62,1,True,True,False,2,25,37
2022-12-10,sus,44477,49434,8,2,62,1,True,True,False,3,32,30
2022-12-10,sus,44477,49434,8,2,62,1,True,True,False,4,53,9
2022-12-10,sus,44477,49434,8,2,62,1,True,True,False,5,58,4
2022-12-10,sus,44477,49434,8,2,62,1,True,True,False,6,59,3
2022-12-10,sus,44477,49434,8,2,62,1,True,True,False,7,59,3
2022-12-10,sus,44477,49434,8,2,62,1,True,True,False,8,59,3
2022-12-10,sus,44477,49434,8,2,62,1,True,True,False,9,59,3
2022-12-10,sus,44477,49434,8,2,62,1,True,True,False,10,61,1
2022-12-10,sus,56630,202673,0,10,449,1,True,True,False,1,0,449
2022-12-10,sus,56630,202673,0,10,449,1,True,True,False,2,0,449
2022-12-10,sus,56630,202673,0,10,449,1,True,True,False,3,0,449
2022-12-10,sus,56630,202673,0,10,449,1,True,True,False,4,0,449
2022-12-10,sus,56630,202673,0,10,449,1,True,True,False,5,0,449
2022-12-10,sus,56630,202673,0,10,449,1,True,True,False,6,0,449
2022-12-10,sus,56630,202673,0,10,449,1,True,True,False,7,0,449
2022-12-10,sus,56630,202673,0,10,449,1,True,True,False,8,0,449
2022-12-10,sus,56630,202673,0,10,449,1,True,True,False,9,0,449
2022-12-10,sus,56630,202673,0,10,449,1,True,True,False,10,0,449
2022-12-10,sus,17439,60664,1,9,5,1,True,True,False,1,0,5
2022-12-10,sus,17439,60664,1,9,5,1,True,True,False,2,0,5
2022-12-10,sus,17439,60664,1,9,5,1,True,True,False,3,0,5
2022-12-10,sus,17439,60664,1,9,5,1,True,True,False,4,0,5
2022-12-10,sus,17439,60664,1,9,5,1,True,True,False,5,0,5
2022-12-10,sus,17439,60664,1,9,5,1,True,True,False,6,0,5
2022-12-10,sus,17439,60664,1,9,5,1,True,True,False,7,1,4
2022-12-10,sus,17439,60664,1,9,5,1,True,True,False,8,0,5
2022-12-10,sus,17439,60664,1,9,5,1,True,True,False,9,3,2
2022-12-10,sus,17439,60664,1,9,5,1,True,True,False,10,1,4
2022-12-10,sus,49304,211946,0,10,9,1,True,True,False,1,0,9
2022-12-10,sus,49304,211946,0,10,9,1,True,True,False,2,2,7
2022-12-10,sus,49304,211946,0,10,9,1,True,True,False,3,2,7
2022-12-10,sus,49304,211946,0,10,9,1,True,True,False,4,2,7
2022-12-10,sus,49304,211946,0,10,9,1,True,True,False,5,2,7
2022-12-10,sus,49304,211946,0,10,9,1,True,True,False,6,3,6
2022-12-10,sus,49304,211946,0,10,9,1,True,True,False,7,3,6
2022-12-10,sus,49304,211946,0,10,9,1,True,True,False,8,3,6
2022-12-10,sus,49304,211946,0,10,9,1,True,True,False,9,3,6
2022-12-10,sus,49304,211946,0,10,9,1,True,True,False,10,3,6
2022-12-10,sus,18103,131728,7,3,8,1,True,True,False,1,2,6
2022-12-10,sus,18103,131728,7,3,8,1,True,True,False,2,2,6
2022-12-10,sus,18103,131728,7,3,8,1,True,True,False,3,4,4
2022-12-10,sus,18103,131728,7,3,8,1,True,True,False,4,5,3
2022-12-10,sus,18103,131728,7,3,8,1,True,True,False,5,5,3
2022-12-10,sus,18103,131728,7,3,8,1,True,True,False,6,5,3
2022-12-10,sus,18103,131728,7,3,8,1,True,True,False,7,5,3
2022-12-10,sus,18103,131728,7,3,8,1,True,True,False,8,5,3
2022-12-10,sus,18103,131728,7,3,8,1,True,True,False,9,8,0
2022-12-10,sus,18103,131728,7,3,8,1,True,True,False,10,6,2
2022-12-10,sus,8,146855,0,10,3,1,False,True,False,1,0,3
2022-12-10,sus,8,146855,0,10,3,1,False,True,False,2,0,3
2022-12-10,sus,8,146855,0,10,3,1,False,True,False,3,0,3
2022-12-10,sus,8,146855,0,10,3,1,False,True,False,4,0,3
2022-12-10,sus,8,146855,0,10,3,1,False,True,False,5,0,3
2022-12-10,sus,8,146855,0,10,3,1,False,True,False,6,0,3
2022-12-10,sus,8,146855,0,10,3,1,False,True,False,7,0,3
2022-12-10,sus,8,146855,0,10,3,1,False,True,False,8,0,3
2022-12-10,sus,8,146855,0,10,3,1,False,True,False,9,0,3
2022-12-10,sus,8,146855,0,10,3,1,False,True,False,10,0,3
2022-12-10,sus,52210,207941,0,10,502,1,True,True,False,1,1,501
2022-12-10,sus,52210,207941,0,10,502,1,True,True,False,2,2,500
2022-12-10,sus,52210,207941,0,10,502,1,True,True,False,3,2,500
2022-12-10,sus,52210,207941,0,10,502,1,True,True,False,4,3,499
2022-12-10,sus,52210,207941,0,10,502,1,True,True,False,5,3,499
2022-12-10,sus,52210,207941,0,10,502,1,True,True,False,6,3,499
2022-12-10,sus,52210,207941,0,10,502,1,True,True,False,7,3,499
2022-12-10,sus,52210,207941,0,10,502,1,True,True,False,8,3,499
2022-12-10,sus,52210,207941,0,10,502,1,True,True,False,9,3,499
2022-12-10,sus,52210,207941,0,10,502,1,True,True,False,10,3,499
2022-12-10,sus,138211,207740,0,10,1,1,True,True,False,1,0,1
2022-12-10,sus,138211,207740,0,10,1,1,True,True,False,2,0,1
2022-12-10,sus,138211,207740,0,10,1,1,True,True,False,3,0,1
2022-12-10,sus,138211,207740,0,10,1,1,True,True,False,4,0,1
2022-12-10,sus,138211,207740,0,10,1,1,True,True,False,5,0,1
2022-12-10,sus,138211,207740,0,10,1,1,True,True,False,6,0,1
2022-12-10,sus,138211,207740,0,10,1,1,True,True,False,7,0,1
2022-12-10,sus,138211,207740,0,10,1,1,True,True,False,8,0,1
2022-12-10,sus,138211,207740,0,10,1,1,True,True,False,9,0,1
2022-12-10,sus,138211,207740,0,10,1,1,True,True,False,10,0,1
2022-12-10,sus,49870,393644,0,10,9,1,True,True,False,1,0,9
2022-12-10,sus,49870,393644,0,10,9,1,True,True,False,2,0,9
2022-12-10,sus,49870,393644,0,10,9,1,True,True,False,3,0,9
2022-12-10,sus,49870,393644,0,10,9,1,True,True,False,4,0,9
2022-12-10,sus,49870,393644,0,10,9,1,True,True,False,5,0,9
2022-12-10,sus,49870,393644,0,10,9,1,True,True,False,6,0,9
2022-12-10,sus,49870,393644,0,10,9,1,True,True,False,7,0,9
2022-12-10,sus,49870,393644,0,10,9,1,True,True,False,8,0,9
2022-12-10,sus,49870,393644,0,10,9,1,True,True,False,9,0,9
2022-12-10,sus,49870,393644,0,10,9,1,True,True,False,10,0,9
2022-12-10,sus,4549,11664,3,7,19,1,True,True,False,1,0,19
2022-12-10,sus,4549,11664,3,7,19,1,True,True,False,2,0,19
2022-12-10,sus,4549,11664,3,7,19,1,True,True,False,3,0,19
2022-12-10,sus,4549,11664,3,7,19,1,True,True,False,4,7,12
2022-12-10,sus,4549,11664,3,7,19,1,True,True,False,5,11,8
2022-12-10,sus,4549,11664,3,7,19,1,True,True,False,6,11,8
2022-12-10,sus,4549,11664,3,7,19,1,True,True,False,7,5,14
2022-12-10,sus,4549,11664,3,7,19,1,True,True,False,8,6,13
2022-12-10,sus,4549,11664,3,7,19,1,True,True,False,9,9,10
2022-12-10,sus,4549,11664,3,7,19,1,True,True,False,10,12,7
2022-12-10,sus,6939,52210,5,5,793,"1,2",False,True,False,1,269,524
2022-12-10,sus,6939,52210,5,5,793,"1,2",False,True,False,2,546,247
2022-12-10,sus,6939,52210,5,5,793,"1,2",False,True,False,3,322,471
2022-12-10,sus,6939,52210,5,5,793,"1,2",False,True,False,4,354,439
2022-12-10,sus,6939,52210,5,5,793,"1,2",False,True,False,5,572,221
2022-12-10,sus,6939,52210,5,5,793,"1,2",False,True,False,6,537,256
2022-12-10,sus,6939,52210,5,5,793,"1,2",False,True,False,7,370,423
2022-12-10,sus,6939,52210,5,5,793,"1,2",False,True,False,8,531,262
2022-12-10,sus,6939,52210,5,5,793,"1,2",False,True,False,9,390,403
2022-12-10,sus,6939,52210,5,5,793,"1,2",False,True,False,10,481,312
2022-12-10,sus,34872,212488,8,2,2,1,True,True,False,1,0,2
2022-12-10,sus,34872,212488,8,2,2,1,True,True,False,2,0,2
2022-12-10,sus,34872,212488,8,2,2,1,True,True,False,3,2,0
2022-12-10,sus,34872,212488,8,2,2,1,True,True,False,4,2,0
2022-12-10,sus,34872,212488,8,2,2,1,True,True,False,5,2,0
2022-12-10,sus,34872,212488,8,2,2,1,True,True,False,6,2,0
2022-12-10,sus,34872,212488,8,2,2,1,True,True,False,7,2,0
2022-12-10,sus,34872,212488,8,2,2,1,True,True,False,8,2,0
2022-12-10,sus,34872,212488,8,2,2,1,True,True,False,9,2,0
2022-12-10,sus,34872,212488,8,2,2,1,True,True,False,10,2,0
2022-12-10,sus,8360,16397,0,10,1,1,True,True,False,1,0,1
2022-12-10,sus,8360,16397,0,10,1,1,True,True,False,2,0,1
2022-12-10,sus,8360,16397,0,10,1,1,True,True,False,3,0,1
2022-12-10,sus,8360,16397,0,10,1,1,True,True,False,4,0,1
2022-12-10,sus,8360,16397,0,10,1,1,True,True,False,5,0,1
2022-12-10,sus,8360,16397,0,10,1,1,True,True,False,6,0,1
2022-12-10,sus,8360,16397,0,10,1,1,True,True,False,7,0,1
2022-12-10,sus,8360,16397,0,10,1,1,True,True,False,8,0,1
2022-12-10,sus,8360,16397,0,10,1,1,True,True,False,9,0,1
2022-12-10,sus,8360,16397,0,10,1,1,True,True,False,10,0,1
2022-12-10,sus,201579,212728,5,5,3,1,True,True,False,1,3,0
2022-12-10,sus,201579,212728,5,5,3,1,True,True,False,2,3,0
2022-12-10,sus,201579,212728,5,5,3,1,True,True,False,3,2,1
2022-12-10,sus,201579,212728,5,5,3,1,True,True,False,4,3,0
2022-12-10,sus,201579,212728,5,5,3,1,True,True,False,5,0,3
2022-12-10,sus,201579,212728,5,5,3,1,True,True,False,6,0,3
2022-12-10,sus,201579,212728,5,5,3,1,True,True,False,7,1,2
2022-12-10,sus,201579,212728,5,5,3,1,True,True,False,8,2,1
2022-12-10,sus,201579,212728,5,5,3,1,True,True,False,9,0,3
2022-12-10,sus,201579,212728,5,5,3,1,True,True,False,10,0,3
2022-12-10,sus,5511,35313,6,4,2,1,True,True,False,1,0,2
2022-12-10,sus,5511,35313,6,4,2,1,True,True,False,2,0,2
2022-12-10,sus,5511,35313,6,4,2,1,True,True,False,3,0,2
2022-12-10,sus,5511,35313,6,4,2,1,True,True,False,4,1,1
2022-12-10,sus,5511,35313,6,4,2,1,True,True,False,5,2,0
2022-12-10,sus,5511,35313,6,4,2,1,True,True,False,6,2,0
2022-12-10,sus,5511,35313,6,4,2,1,True,True,False,7,2,0
2022-12-10,sus,5511,35313,6,4,2,1,True,True,False,8,2,0
2022-12-10,sus,5511,35313,6,4,2,1,True,True,False,9,2,0
2022-12-10,sus,5511,35313,6,4,2,1,True,True,False,10,2,0
2022-12-10,sus,2,273606,0,10,123,1,True,True,False,1,1,122
2022-12-10,sus,2,273606,0,10,123,1,True,True,False,2,1,122
2022-12-10,sus,2,273606,0,10,123,1,True,True,False,3,1,122
2022-12-10,sus,2,273606,0,10,123,1,True,True,False,4,1,122
2022-12-10,sus,2,273606,0,10,123,1,True,True,False,5,1,122
2022-12-10,sus,2,273606,0,10,123,1,True,True,False,6,1,122
2022-12-10,sus,2,273606,0,10,123,1,True,True,False,7,1,122
2022-12-10,sus,2,273606,0,10,123,1,True,True,False,8,1,122
2022-12-10,sus,2,273606,0,10,123,1,True,True,False,9,1,122
2022-12-10,sus,2,273606,0,10,123,1,True,True,False,10,1,122
2022-12-10,sus,200966,201664,0,10,15,1,True,True,False,1,0,15
2022-12-10,sus,200966,201664,0,10,15,1,True,True,False,2,0,15
2022-12-10,sus,200966,201664,0,10,15,1,True,True,False,3,0,15
2022-12-10,sus,200966,201664,0,10,15,1,True,True,False,4,1,14
2022-12-10,sus,200966,201664,0,10,15,1,True,True,False,5,0,15
2022-12-10,sus,200966,201664,0,10,15,1,True,True,False,6,0,15
2022-12-10,sus,200966,201664,0,10,15,1,True,True,False,7,0,15
2022-12-10,sus,200966,201664,0,10,15,1,True,True,False,8,0,15
2022-12-10,sus,200966,201664,0,10,15,1,True,True,False,9,0,15
2022-12-10,sus,200966,201664,0,10,15,1,True,True,False,10,0,15
2022-12-10,sus,140731,200895,0,10,541,"1,2",True,True,False,1,0,541
2022-12-10,sus,140731,200895,0,10,541,"1,2",True,True,False,2,0,541
2022-12-10,sus,140731,200895,0,10,541,"1,2",True,True,False,3,0,541
2022-12-10,sus,140731,200895,0,10,541,"1,2",True,True,False,4,0,541
2022-12-10,sus,140731,200895,0,10,541,"1,2",True,True,False,5,0,541
2022-12-10,sus,140731,200895,0,10,541,"1,2",True,True,False,6,0,541
2022-12-10,sus,140731,200895,0,10,541,"1,2",True,True,False,7,0,541
2022-12-10,sus,140731,200895,0,10,541,"1,2",True,True,False,8,0,541
2022-12-10,sus,140731,200895,0,10,541,"1,2",True,True,False,9,0,541
2022-12-10,sus,140731,200895,0,10,541,"1,2",True,True,False,10,0,541
2022-12-10,sus,135409,139783,0,10,2,1,True,True,False,1,0,2
2022-12-10,sus,135409,139783,0,10,2,1,True,True,False,2,0,2
2022-12-10,sus,135409,139783,0,10,2,1,True,True,False,3,0,2
2022-12-10,sus,135409,139783,0,10,2,1,True,True,False,4,0,2
2022-12-10,sus,135409,139783,0,10,2,1,True,True,False,5,0,2
2022-12-10,sus,135409,139783,0,10,2,1,True,True,False,6,0,2
2022-12-10,sus,135409,139783,0,10,2,1,True,True,False,7,0,2
2022-12-10,sus,135409,139783,0,10,2,1,True,True,False,8,0,2
2022-12-10,sus,135409,139783,0,10,2,1,True,True,False,9,0,2
2022-12-10,sus,135409,139783,0,10,2,1,True,True,False,10,0,2
2022-12-10,sus,207756,208869,0,10,11,1,True,True,False,1,0,11
2022-12-10,sus,207756,208869,0,10,11,1,True,True,False,2,0,11
2022-12-10,sus,207756,208869,0,10,11,1,True,True,False,3,0,11
2022-12-10,sus,207756,208869,0,10,11,1,True,True,False,4,0,11
2022-12-10,sus,207756,208869,0,10,11,1,True,True,False,5,0,11
2022-12-10,sus,207756,208869,0,10,11,1,True,True,False,6,0,11
2022-12-10,sus,207756,208869,0,10,11,1,True,True,False,7,0,11
2022-12-10,sus,207756,208869,0,10,11,1,True,True,False,8,0,11
2022-12-10,sus,207756,208869,0,10,11,1,True,True,False,9,0,11
2022-12-10,sus,207756,208869,0,10,11,1,True,True,False,10,0,11
2022-12-10,sus,16557,393577,0,10,394,1,True,True,False,1,0,394
2022-12-10,sus,16557,393577,0,10,394,1,True,True,False,2,0,394
2022-12-10,sus,16557,393577,0,10,394,1,True,True,False,3,0,394
2022-12-10,sus,16557,393577,0,10,394,1,True,True,False,4,0,394
2022-12-10,sus,16557,393577,0,10,394,1,True,True,False,5,0,394
2022-12-10,sus,16557,393577,0,10,394,1,True,True,False,6,0,394
2022-12-10,sus,16557,393577,0,10,394,1,True,True,False,7,0,394
2022-12-10,sus,16557,393577,0,10,394,1,True,True,False,8,0,394
2022-12-10,sus,16557,393577,0,10,394,1,True,True,False,9,0,394
2022-12-10,sus,16557,393577,0,10,394,1,True,True,False,10,0,394
2022-12-10,sus,149522,150414,1,9,7,1,True,True,False,1,4,3
2022-12-10,sus,149522,150414,1,9,7,1,True,True,False,2,0,7
2022-12-10,sus,149522,150414,1,9,7,1,True,True,False,3,0,7
2022-12-10,sus,149522,150414,1,9,7,1,True,True,False,4,0,7
2022-12-10,sus,149522,150414,1,9,7,1,True,True,False,5,0,7
2022-12-10,sus,149522,150414,1,9,7,1,True,True,False,6,0,7
2022-12-10,sus,149522,150414,1,9,7,1,True,True,False,7,0,7
2022-12-10,sus,149522,150414,1,9,7,1,True,True,False,8,0,7
2022-12-10,sus,149522,150414,1,9,7,1,True,True,False,9,0,7
2022-12-10,sus,149522,150414,1,9,7,1,True,True,False,10,0,7
2022-12-10,sus,52210,210537,0,10,495,1,True,True,False,1,4,491
2022-12-10,sus,52210,210537,0,10,495,1,True,True,False,2,4,491
2022-12-10,sus,52210,210537,0,10,495,1,True,True,False,3,14,481
2022-12-10,sus,52210,210537,0,10,495,1,True,True,False,4,62,433
2022-12-10,sus,52210,210537,0,10,495,1,True,True,False,5,146,349
2022-12-10,sus,52210,210537,0,10,495,1,True,True,False,6,90,405
2022-12-10,sus,52210,210537,0,10,495,1,True,True,False,7,42,453
2022-12-10,sus,52210,210537,0,10,495,1,True,True,False,8,138,357
2022-12-10,sus,52210,210537,0,10,495,1,True,True,False,9,170,325
2022-12-10,sus,52210,210537,0,10,495,1,True,True,False,10,240,255
2022-12-10,sus,3356,50108,1,9,1,1,True,True,False,1,1,0
2022-12-10,sus,3356,50108,1,9,1,1,True,True,False,2,0,1
2022-12-10,sus,3356,50108,1,9,1,1,True,True,False,3,0,1
2022-12-10,sus,3356,50108,1,9,1,1,True,True,False,4,0,1
2022-12-10,sus,3356,50108,1,9,1,1,True,True,False,5,0,1
2022-12-10,sus,3356,50108,1,9,1,1,True,True,False,6,0,1
2022-12-10,sus,3356,50108,1,9,1,1,True,True,False,7,0,1
2022-12-10,sus,3356,50108,1,9,1,1,True,True,False,8,0,1
2022-12-10,sus,3356,50108,1,9,1,1,True,True,False,9,0,1
2022-12-10,sus,3356,50108,1,9,1,1,True,True,False,10,0,1
2022-12-10,sus,61317,266795,5,5,2,1,True,True,False,1,0,2
2022-12-10,sus,61317,266795,5,5,2,1,True,True,False,2,1,1
2022-12-10,sus,61317,266795,5,5,2,1,True,True,False,3,1,1
2022-12-10,sus,61317,266795,5,5,2,1,True,True,False,4,1,1
2022-12-10,sus,61317,266795,5,5,2,1,True,True,False,5,2,0
2022-12-10,sus,61317,266795,5,5,2,1,True,True,False,6,1,1
2022-12-10,sus,61317,266795,5,5,2,1,True,True,False,7,2,0
2022-12-10,sus,61317,266795,5,5,2,1,True,True,False,8,2,0
2022-12-10,sus,61317,266795,5,5,2,1,True,True,False,9,2,0
2022-12-10,sus,61317,266795,5,5,2,1,True,True,False,10,2,0
2022-12-10,sus,44570,202218,8,2,214,1,True,True,False,1,60,154
2022-12-10,sus,44570,202218,8,2,214,1,True,True,False,2,71,143
2022-12-10,sus,44570,202218,8,2,214,1,True,True,False,3,144,70
2022-12-10,sus,44570,202218,8,2,214,1,True,True,False,4,161,53
2022-12-10,sus,44570,202218,8,2,214,1,True,True,False,5,186,28
2022-12-10,sus,44570,202218,8,2,214,1,True,True,False,6,177,37
2022-12-10,sus,44570,202218,8,2,214,1,True,True,False,7,192,22
2022-12-10,sus,44570,202218,8,2,214,1,True,True,False,8,195,19
2022-12-10,sus,44570,202218,8,2,214,1,True,True,False,9,199,15
2022-12-10,sus,44570,202218,8,2,214,1,True,True,False,10,193,21
2022-12-10,sus,34879,49800,7,3,10,1,True,True,False,1,3,7
2022-12-10,sus,34879,49800,7,3,10,1,True,True,False,2,5,5
2022-12-10,sus,34879,49800,7,3,10,1,True,True,False,3,5,5
2022-12-10,sus,34879,49800,7,3,10,1,True,True,False,4,10,0
2022-12-10,sus,34879,49800,7,3,10,1,True,True,False,5,10,0
2022-12-10,sus,34879,49800,7,3,10,1,True,True,False,6,10,0
2022-12-10,sus,34879,49800,7,3,10,1,True,True,False,7,10,0
2022-12-10,sus,34879,49800,7,3,10,1,True,True,False,8,10,0
2022-12-10,sus,34879,49800,7,3,10,1,True,True,False,9,10,0
2022-12-10,sus,34879,49800,7,3,10,1,True,True,False,10,10,0
2022-12-10,sus,57152,211612,8,2,3,1,True,True,False,1,0,3
2022-12-10,sus,57152,211612,8,2,3,1,True,True,False,2,1,2
2022-12-10,sus,57152,211612,8,2,3,1,True,True,False,3,3,0
2022-12-10,sus,57152,211612,8,2,3,1,True,True,False,4,3,0
2022-12-10,sus,57152,211612,8,2,3,1,True,True,False,5,3,0
2022-12-10,sus,57152,211612,8,2,3,1,True,True,False,6,3,0
2022-12-10,sus,57152,211612,8,2,3,1,True,True,False,7,3,0
2022-12-10,sus,57152,211612,8,2,3,1,True,True,False,8,3,0
2022-12-10,sus,57152,211612,8,2,3,1,True,True,False,9,3,0
2022-12-10,sus,57152,211612,8,2,3,1,True,True,False,10,3,0
2022-12-10,sus,264420,269486,0,10,9,1,True,True,False,1,0,9
2022-12-10,sus,264420,269486,0,10,9,1,True,True,False,2,0,9
2022-12-10,sus,264420,269486,0,10,9,1,True,True,False,3,0,9
2022-12-10,sus,264420,269486,0,10,9,1,True,True,False,4,0,9
2022-12-10,sus,264420,269486,0,10,9,1,True,True,False,5,0,9
2022-12-10,sus,264420,269486,0,10,9,1,True,True,False,6,0,9
2022-12-10,sus,264420,269486,0,10,9,1,True,True,False,7,0,9
2022-12-10,sus,264420,269486,0,10,9,1,True,True,False,8,0,9
2022-12-10,sus,264420,269486,0,10,9,1,True,True,False,9,0,9
2022-12-10,sus,264420,269486,0,10,9,1,True,True,False,10,0,9
2022-12-10,sus,269654,272665,7,3,136,1,True,True,False,1,4,132
2022-12-10,sus,269654,272665,7,3,136,1,True,True,False,2,6,130
2022-12-10,sus,269654,272665,7,3,136,1,True,True,False,3,79,57
2022-12-10,sus,269654,272665,7,3,136,1,True,True,False,4,104,32
2022-12-10,sus,269654,272665,7,3,136,1,True,True,False,5,4,132
2022-12-10,sus,269654,272665,7,3,136,1,True,True,False,6,74,62
2022-12-10,sus,269654,272665,7,3,136,1,True,True,False,7,107,29
2022-12-10,sus,269654,272665,7,3,136,1,True,True,False,8,83,53
2022-12-10,sus,269654,272665,7,3,136,1,True,True,False,9,117,19
2022-12-10,sus,269654,272665,7,3,136,1,True,True,False,10,96,40
2022-12-10,sus,22908,64112,0,10,19,1,True,True,False,1,0,19
2022-12-10,sus,22908,64112,0,10,19,1,True,True,False,2,1,18
2022-12-10,sus,22908,64112,0,10,19,1,True,True,False,3,2,17
2022-12-10,sus,22908,64112,0,10,19,1,True,True,False,4,2,17
2022-12-10,sus,22908,64112,0,10,19,1,True,True,False,5,3,16
2022-12-10,sus,22908,64112,0,10,19,1,True,True,False,6,3,16
2022-12-10,sus,22908,64112,0,10,19,1,True,True,False,7,3,16
2022-12-10,sus,22908,64112,0,10,19,1,True,True,False,8,4,15
2022-12-10,sus,22908,64112,0,10,19,1,True,True,False,9,5,14
2022-12-10,sus,22908,64112,0,10,19,1,True,True,False,10,4,15
2022-12-10,sus,3737,13335,1,9,19,1,True,True,False,1,1,18
2022-12-10,sus,3737,13335,1,9,19,1,True,True,False,2,5,14
2022-12-10,sus,3737,13335,1,9,19,1,True,True,False,3,1,18
2022-12-10,sus,3737,13335,1,9,19,1,True,True,False,4,3,16
2022-12-10,sus,3737,13335,1,9,19,1,True,True,False,5,5,14
2022-12-10,sus,3737,13335,1,9,19,1,True,True,False,6,5,14
2022-12-10,sus,3737,13335,1,9,19,1,True,True,False,7,5,14
2022-12-10,sus,3737,13335,1,9,19,1,True,True,False,8,7,12
2022-12-10,sus,3737,13335,1,9,19,1,True,True,False,9,8,11
2022-12-10,sus,3737,13335,1,9,19,1,True,True,False,10,11,8
2022-12-10,sus,262791,273617,0,10,464,1,True,True,False,1,0,464
2022-12-10,sus,262791,273617,0,10,464,1,True,True,False,2,0,464
2022-12-10,sus,262791,273617,0,10,464,1,True,True,False,3,0,464
2022-12-10,sus,262791,273617,0,10,464,1,True,True,False,4,0,464
2022-12-10,sus,262791,273617,0,10,464,1,True,True,False,5,0,464
2022-12-10,sus,262791,273617,0,10,464,1,True,True,False,6,0,464
2022-12-10,sus,262791,273617,0,10,464,1,True,True,False,7,0,464
2022-12-10,sus,262791,273617,0,10,464,1,True,True,False,8,0,464
2022-12-10,sus,262791,273617,0,10,464,1,True,True,False,9,0,464
2022-12-10,sus,262791,273617,0,10,464,1,True,True,False,10,0,464
2022-12-10,sus,7,263238,0,10,151,2,True,True,False,1,0,151
2022-12-10,sus,7,263238,0,10,151,2,True,True,False,2,0,151
2022-12-10,sus,7,263238,0,10,151,2,True,True,False,3,0,151
2022-12-10,sus,7,263238,0,10,151,2,True,True,False,4,0,151
2022-12-10,sus,7,263238,0,10,151,2,True,True,False,5,0,151
2022-12-10,sus,7,263238,0,10,151,2,True,True,False,6,0,151
2022-12-10,sus,7,263238,0,10,151,2,True,True,False,7,0,151
2022-12-10,sus,7,263238,0,10,151,2,True,True,False,8,2,149
2022-12-10,sus,7,263238,0,10,151,2,True,True,False,9,0,151
2022-12-10,sus,7,263238,0,10,151,2,True,True,False,10,0,151
2022-12-10,sus,4755,15169,9,1,1,3,True,True,False,1,0,1
2022-12-10,sus,4755,15169,9,1,1,3,True,True,False,2,1,0
2022-12-10,sus,4755,15169,9,1,1,3,True,True,False,3,1,0
2022-12-10,sus,4755,15169,9,1,1,3,True,True,False,4,1,0
2022-12-10,sus,4755,15169,9,1,1,3,True,True,False,5,1,0
2022-12-10,sus,4755,15169,9,1,1,3,True,True,False,6,1,0
2022-12-10,sus,4755,15169,9,1,1,3,True,True,False,7,1,0
2022-12-10,sus,4755,15169,9,1,1,3,True,True,False,8,1,0
2022-12-10,sus,4755,15169,9,1,1,3,True,True,False,9,1,0
2022-12-10,sus,4755,15169,9,1,1,3,True,True,False,10,1,0
2022-12-10,sus,60798,207713,8,2,2,1,True,True,False,1,0,2
2022-12-10,sus,60798,207713,8,2,2,1,True,True,False,2,2,0
2022-12-10,sus,60798,207713,8,2,2,1,True,True,False,3,0,2
2022-12-10,sus,60798,207713,8,2,2,1,True,True,False,4,2,0
2022-12-10,sus,60798,207713,8,2,2,1,True,True,False,5,2,0
2022-12-10,sus,60798,207713,8,2,2,1,True,True,False,6,2,0
2022-12-10,sus,60798,207713,8,2,2,1,True,True,False,7,2,0
2022-12-10,sus,60798,207713,8,2,2,1,True,True,False,8,2,0
2022-12-10,sus,60798,207713,8,2,2,1,True,True,False,9,2,0
2022-12-10,sus,60798,207713,8,2,2,1,True,True,False,10,2,0
2022-12-10,sus,394232,398299,0,10,76,1,True,True,False,1,0,76
2022-12-10,sus,394232,398299,0,10,76,1,True,True,False,2,0,76
2022-12-10,sus,394232,398299,0,10,76,1,True,True,False,3,3,73
2022-12-10,sus,394232,398299,0,10,76,1,True,True,False,4,0,76
2022-12-10,sus,394232,398299,0,10,76,1,True,True,False,5,1,75
2022-12-10,sus,394232,398299,0,10,76,1,True,True,False,6,4,72
2022-12-10,sus,394232,398299,0,10,76,1,True,True,False,7,5,71
2022-12-10,sus,394232,398299,0,10,76,1,True,True,False,8,18,58
2022-12-10,sus,394232,398299,0,10,76,1,True,True,False,9,6,70
2022-12-10,sus,394232,398299,0,10,76,1,True,True,False,10,4,72
2022-12-10,sus,17139,396026,0,10,3,3,True,True,False,1,0,3
2022-12-10,sus,17139,396026,0,10,3,3,True,True,False,2,0,3
2022-12-10,sus,17139,396026,0,10,3,3,True,True,False,3,0,3
2022-12-10,sus,17139,396026,0,10,3,3,True,True,False,4,0,3
2022-12-10,sus,17139,396026,0,10,3,3,True,True,False,5,0,3
2022-12-10,sus,17139,396026,0,10,3,3,True,True,False,6,0,3
2022-12-10,sus,17139,396026,0,10,3,3,True,True,False,7,0,3
2022-12-10,sus,17139,396026,0,10,3,3,True,True,False,8,0,3
2022-12-10,sus,17139,396026,0,10,3,3,True,True,False,9,0,3
2022-12-10,sus,17139,396026,0,10,3,3,True,True,False,10,0,3
2022-12-10,sus,46887,397633,1,9,3,1,True,True,False,1,1,2
2022-12-10,sus,46887,397633,1,9,3,1,True,True,False,2,1,2
2022-12-10,sus,46887,397633,1,9,3,1,True,True,False,3,1,2
2022-12-10,sus,46887,397633,1,9,3,1,True,True,False,4,1,2
2022-12-10,sus,46887,397633,1,9,3,1,True,True,False,5,0,3
2022-12-10,sus,46887,397633,1,9,3,1,True,True,False,6,1,2
2022-12-10,sus,46887,397633,1,9,3,1,True,True,False,7,1,2
2022-12-10,sus,46887,397633,1,9,3,1,True,True,False,8,2,1
2022-12-10,sus,46887,397633,1,9,3,1,True,True,False,9,0,3
2022-12-10,sus,46887,397633,1,9,3,1,True,True,False,10,0,3
2022-12-10,sus,56655,200840,0,10,265,1,True,False,False,1,75,190
2022-12-10,sus,56655,200840,0,10,265,1,True,False,False,2,74,191
2022-12-10,sus,56655,200840,0,10,265,1,True,False,False,3,76,189
2022-12-10,sus,56655,200840,0,10,265,1,True,False,False,4,70,195
2022-12-10,sus,56655,200840,0,10,265,1,True,False,False,5,84,181
2022-12-10,sus,56655,200840,0,10,265,1,True,False,False,6,56,209
2022-12-10,sus,56655,200840,0,10,265,1,True,False,False,7,73,192
2022-12-10,sus,56655,200840,0,10,265,1,True,False,False,8,66,199
2022-12-10,sus,56655,200840,0,10,265,1,True,False,False,9,71,194
2022-12-10,sus,56655,200840,0,10,265,1,True,False,False,10,96,169
2022-12-10,sus,7018,400643,1,9,4,1,True,True,False,1,2,2
2022-12-10,sus,7018,400643,1,9,4,1,True,True,False,2,1,3
2022-12-10,sus,7018,400643,1,9,4,1,True,True,False,3,3,1
2022-12-10,sus,7018,400643,1,9,4,1,True,True,False,4,2,2
2022-12-10,sus,7018,400643,1,9,4,1,True,True,False,5,0,4
2022-12-10,sus,7018,400643,1,9,4,1,True,True,False,6,0,4
2022-12-10,sus,7018,400643,1,9,4,1,True,True,False,7,1,3
2022-12-10,sus,7018,400643,1,9,4,1,True,True,False,8,0,4
2022-12-10,sus,7018,400643,1,9,4,1,True,True,False,9,0,4
2022-12-10,sus,7018,400643,1,9,4,1,True,True,False,10,0,4
2022-12-10,sus,13238,44534,0,10,5,1,True,True,False,1,0,5
2022-12-10,sus,13238,44534,0,10,5,1,True,True,False,2,2,3
2022-12-10,sus,13238,44534,0,10,5,1,True,True,False,3,2,3
2022-12-10,sus,13238,44534,0,10,5,1,True,True,False,4,2,3
2022-12-10,sus,13238,44534,0,10,5,1,True,True,False,5,2,3
2022-12-10,sus,13238,44534,0,10,5,1,True,True,False,6,2,3
2022-12-10,sus,13238,44534,0,10,5,1,True,True,False,7,2,3
2022-12-10,sus,13238,44534,0,10,5,1,True,True,False,8,2,3
2022-12-10,sus,13238,44534,0,10,5,1,True,True,False,9,2,3
2022-12-10,sus,13238,44534,0,10,5,1,True,True,False,10,2,3
2022-12-10,sus,18126,146985,6,4,3,1,True,True,False,1,1,2
2022-12-10,sus,18126,146985,6,4,3,1,True,True,False,2,1,2
2022-12-10,sus,18126,146985,6,4,3,1,True,True,False,3,1,2
2022-12-10,sus,18126,146985,6,4,3,1,True,True,False,4,1,2
2022-12-10,sus,18126,146985,6,4,3,1,True,True,False,5,3,0
2022-12-10,sus,18126,146985,6,4,3,1,True,True,False,6,3,0
2022-12-10,sus,18126,146985,6,4,3,1,True,True,False,7,3,0
2022-12-10,sus,18126,146985,6,4,3,1,True,True,False,8,3,0
2022-12-10,sus,18126,146985,6,4,3,1,True,True,False,9,3,0
2022-12-10,sus,18126,146985,6,4,3,1,True,True,False,10,3,0
2022-12-10,sus,16,141815,0,10,21,1,False,True,False,1,0,21
2022-12-10,sus,16,141815,0,10,21,1,False,True,False,2,0,21
2022-12-10,sus,16,141815,0,10,21,1,False,True,False,3,0,21
2022-12-10,sus,16,141815,0,10,21,1,False,True,False,4,0,21
2022-12-10,sus,16,141815,0,10,21,1,False,True,False,5,0,21
2022-12-10,sus,16,141815,0,10,21,1,False,True,False,6,0,21
2022-12-10,sus,16,141815,0,10,21,1,False,True,False,7,0,21
2022-12-10,sus,16,141815,0,10,21,1,False,True,False,8,0,21
2022-12-10,sus,16,141815,0,10,21,1,False,True,False,9,0,21
2022-12-10,sus,16,141815,0,10,21,1,False,True,False,10,5,16
2022-12-10,sus,209,400650,4,6,8,1,True,True,False,1,4,4
2022-12-10,sus,209,400650,4,6,8,1,True,True,False,2,5,3
2022-12-10,sus,209,400650,4,6,8,1,True,True,False,3,5,3
2022-12-10,sus,209,400650,4,6,8,1,True,True,False,4,5,3
2022-12-10,sus,209,400650,4,6,8,1,True,True,False,5,0,8
2022-12-10,sus,209,400650,4,6,8,1,True,True,False,6,0,8
2022-12-10,sus,209,400650,4,6,8,1,True,True,False,7,0,8
2022-12-10,sus,209,400650,4,6,8,1,True,True,False,8,5,3
2022-12-10,sus,209,400650,4,6,8,1,True,True,False,9,0,8
2022-12-10,sus,209,400650,4,6,8,1,True,True,False,10,0,8
2022-12-10,sus,13335,28201,0,10,17,1,True,True,False,1,0,17
2022-12-10,sus,13335,28201,0,10,17,1,True,True,False,2,0,17
2022-12-10,sus,13335,28201,0,10,17,1,True,True,False,3,0,17
2022-12-10,sus,13335,28201,0,10,17,1,True,True,False,4,0,17
2022-12-10,sus,13335,28201,0,10,17,1,True,True,False,5,0,17
2022-12-10,sus,13335,28201,0,10,17,1,True,True,False,6,2,15
2022-12-10,sus,13335,28201,0,10,17,1,True,True,False,7,0,17
2022-12-10,sus,13335,28201,0,10,17,1,True,True,False,8,5,12
2022-12-10,sus,13335,28201,0,10,17,1,True,True,False,9,4,13
2022-12-10,sus,13335,28201,0,10,17,1,True,True,False,10,6,11
2022-12-10,sus,35619,203888,8,2,12,1,True,True,False,1,0,12
2022-12-10,sus,35619,203888,8,2,12,1,True,True,False,2,0,12
2022-12-10,sus,35619,203888,8,2,12,1,True,True,False,3,9,3
2022-12-10,sus,35619,203888,8,2,12,1,True,True,False,4,12,0
2022-12-10,sus,35619,203888,8,2,12,1,True,True,False,5,7,5
2022-12-10,sus,35619,203888,8,2,12,1,True,True,False,6,10,2
2022-12-10,sus,35619,203888,8,2,12,1,True,True,False,7,12,0
2022-12-10,sus,35619,203888,8,2,12,1,True,True,False,8,12,0
2022-12-10,sus,35619,203888,8,2,12,1,True,True,False,9,12,0
2022-12-10,sus,35619,203888,8,2,12,1,True,True,False,10,12,0
2022-12-10,sus,7018,399326,3,7,2,1,True,True,False,1,2,0
2022-12-10,sus,7018,399326,3,7,2,1,True,True,False,2,1,1
2022-12-10,sus,7018,399326,3,7,2,1,True,True,False,3,2,0
2022-12-10,sus,7018,399326,3,7,2,1,True,True,False,4,2,0
2022-12-10,sus,7018,399326,3,7,2,1,True,True,False,5,0,2
2022-12-10,sus,7018,399326,3,7,2,1,True,True,False,6,0,2
2022-12-10,sus,7018,399326,3,7,2,1,True,True,False,7,1,1
2022-12-10,sus,7018,399326,3,7,2,1,True,True,False,8,0,2
2022-12-10,sus,7018,399326,3,7,2,1,True,True,False,9,0,2
2022-12-10,sus,7018,399326,3,7,2,1,True,True,False,10,0,2
2022-12-10,sus,9232,62853,0,10,5,1,True,True,False,1,0,5
2022-12-10,sus,9232,62853,0,10,5,1,True,True,False,2,0,5
2022-12-10,sus,9232,62853,0,10,5,1,True,True,False,3,0,5
2022-12-10,sus,9232,62853,0,10,5,1,True,True,False,4,0,5
2022-12-10,sus,9232,62853,0,10,5,1,True,True,False,5,0,5
2022-12-10,sus,9232,62853,0,10,5,1,True,True,False,6,2,3
2022-12-10,sus,9232,62853,0,10,5,1,True,True,False,7,0,5
2022-12-10,sus,9232,62853,0,10,5,1,True,True,False,8,1,4
2022-12-10,sus,9232,62853,0,10,5,1,True,True,False,9,2,3
2022-12-10,sus,9232,62853,0,10,5,1,True,True,False,10,0,5
2022-12-10,sus,52210,203423,0,10,501,1,True,True,False,1,3,498
2022-12-10,sus,52210,203423,0,10,501,1,True,True,False,2,3,498
2022-12-10,sus,52210,203423,0,10,501,1,True,True,False,3,3,498
2022-12-10,sus,52210,203423,0,10,501,1,True,True,False,4,3,498
2022-12-10,sus,52210,203423,0,10,501,1,True,True,False,5,3,498
2022-12-10,sus,52210,203423,0,10,501,1,True,True,False,6,3,498
2022-12-10,sus,52210,203423,0,10,501,1,True,True,False,7,3,498
2022-12-10,sus,52210,203423,0,10,501,1,True,True,False,8,3,498
2022-12-10,sus,52210,203423,0,10,501,1,True,True,False,9,3,498
2022-12-10,sus,52210,203423,0,10,501,1,True,True,False,10,3,498
2022-12-10,sus,3356,271668,0,10,40,"1,2",True,True,False,1,10,30
2022-12-10,sus,3356,271668,0,10,40,"1,2",True,True,False,2,10,30
2022-12-10,sus,3356,271668,0,10,40,"1,2",True,True,False,3,10,30
2022-12-10,sus,3356,271668,0,10,40,"1,2",True,True,False,4,10,30
2022-12-10,sus,3356,271668,0,10,40,"1,2",True,True,False,5,10,30
2022-12-10,sus,3356,271668,0,10,40,"1,2",True,True,False,6,10,30
2022-12-10,sus,3356,271668,0,10,40,"1,2",True,True,False,7,10,30
2022-12-10,sus,3356,271668,0,10,40,"1,2",True,True,False,8,10,30
2022-12-10,sus,3356,271668,0,10,40,"1,2",True,True,False,9,10,30
2022-12-10,sus,3356,271668,0,10,40,"1,2",True,True,False,10,10,30
2022-12-10,sus,1064,149522,0,10,2,1,True,True,False,1,0,2
2022-12-10,sus,1064,149522,0,10,2,1,True,True,False,2,0,2
2022-12-10,sus,1064,149522,0,10,2,1,True,True,False,3,0,2
2022-12-10,sus,1064,149522,0,10,2,1,True,True,False,4,0,2
2022-12-10,sus,1064,149522,0,10,2,1,True,True,False,5,0,2
2022-12-10,sus,1064,149522,0,10,2,1,True,True,False,6,0,2
2022-12-10,sus,1064,149522,0,10,2,1,True,True,False,7,0,2
2022-12-10,sus,1064,149522,0,10,2,1,True,True,False,8,0,2
2022-12-10,sus,1064,149522,0,10,2,1,True,True,False,9,0,2
2022-12-10,sus,1064,149522,0,10,2,1,True,True,False,10,0,2
2022-12-10,sus,43852,44356,4,6,5,2,True,True,False,1,1,4
2022-12-10,sus,43852,44356,4,6,5,2,True,True,False,2,1,4
2022-12-10,sus,43852,44356,4,6,5,2,True,True,False,3,1,4
2022-12-10,sus,43852,44356,4,6,5,2,True,True,False,4,1,4
2022-12-10,sus,43852,44356,4,6,5,2,True,True,False,5,1,4
2022-12-10,sus,43852,44356,4,6,5,2,True,True,False,6,2,3
2022-12-10,sus,43852,44356,4,6,5,2,True,True,False,7,5,0
2022-12-10,sus,43852,44356,4,6,5,2,True,True,False,8,4,1
2022-12-10,sus,43852,44356,4,6,5,2,True,True,False,9,5,0
2022-12-10,sus,43852,44356,4,6,5,2,True,True,False,10,5,0
2022-12-10,sus,49304,211759,0,10,26,1,True,True,False,1,0,26
2022-12-10,sus,49304,211759,0,10,26,1,True,True,False,2,0,26
2022-12-10,sus,49304,211759,0,10,26,1,True,True,False,3,0,26
2022-12-10,sus,49304,211759,0,10,26,1,True,True,False,4,0,26
2022-12-10,sus,49304,211759,0,10,26,1,True,True,False,5,0,26
2022-12-10,sus,49304,211759,0,10,26,1,True,True,False,6,0,26
2022-12-10,sus,49304,211759,0,10,26,1,True,True,False,7,0,26
2022-12-10,sus,49304,211759,0,10,26,1,True,True,False,8,0,26
2022-12-10,sus,49304,211759,0,10,26,1,True,True,False,9,0,26
2022-12-10,sus,49304,211759,0,10,26,1,True,True,False,10,0,26
2022-12-10,sus,271627,272476,8,2,729,1,True,True,False,1,153,576
2022-12-10,sus,271627,272476,8,2,729,1,True,True,False,2,267,462
2022-12-10,sus,271627,272476,8,2,729,1,True,True,False,3,378,351
2022-12-10,sus,271627,272476,8,2,729,1,True,True,False,4,420,309
2022-12-10,sus,271627,272476,8,2,729,1,True,True,False,5,373,356
2022-12-10,sus,271627,272476,8,2,729,1,True,True,False,6,427,302
2022-12-10,sus,271627,272476,8,2,729,1,True,True,False,7,481,248
2022-12-10,sus,271627,272476,8,2,729,1,True,True,False,8,537,192
2022-12-10,sus,271627,272476,8,2,729,1,True,True,False,9,553,176
2022-12-10,sus,271627,272476,8,2,729,1,True,True,False,10,559,170
2022-12-10,sus,30132,51375,7,3,1,1,True,True,True,1,0,1
2022-12-10,sus,30132,51375,7,3,1,1,True,True,True,2,0,1
2022-12-10,sus,30132,51375,7,3,1,1,True,True,True,3,0,1
2022-12-10,sus,30132,51375,7,3,1,1,True,True,True,4,1,0
2022-12-10,sus,30132,51375,7,3,1,1,True,True,True,5,1,0
2022-12-10,sus,30132,51375,7,3,1,1,True,True,True,6,1,0
2022-12-10,sus,30132,51375,7,3,1,1,True,True,True,7,1,0
2022-12-10,sus,30132,51375,7,3,1,1,True,True,True,8,1,0
2022-12-10,sus,30132,51375,7,3,1,1,True,True,True,9,1,0
2022-12-10,sus,30132,51375,7,3,1,1,True,True,True,10,1,0
2022-12-10,sus,4230,53766,9,1,93,1,True,True,False,1,20,73
2022-12-10,sus,4230,53766,9,1,93,1,True,True,False,2,70,23
2022-12-10,sus,4230,53766,9,1,93,1,True,True,False,3,76,17
2022-12-10,sus,4230,53766,9,1,93,1,True,True,False,4,82,11
2022-12-10,sus,4230,53766,9,1,93,1,True,True,False,5,92,1
2022-12-10,sus,4230,53766,9,1,93,1,True,True,False,6,93,0
2022-12-10,sus,4230,53766,9,1,93,1,True,True,False,7,92,1
2022-12-10,sus,4230,53766,9,1,93,1,True,True,False,8,93,0
2022-12-10,sus,4230,53766,9,1,93,1,True,True,False,9,93,0
2022-12-10,sus,4230,53766,9,1,93,1,True,True,False,10,92,1
2022-12-10,sus,265435,271668,0,10,29,1,True,True,False,1,0,29
2022-12-10,sus,265435,271668,0,10,29,1,True,True,False,2,0,29
2022-12-10,sus,265435,271668,0,10,29,1,True,True,False,3,0,29
2022-12-10,sus,265435,271668,0,10,29,1,True,True,False,4,0,29
2022-12-10,sus,265435,271668,0,10,29,1,True,True,False,5,0,29
2022-12-10,sus,265435,271668,0,10,29,1,True,True,False,6,0,29
2022-12-10,sus,265435,271668,0,10,29,1,True,True,False,7,0,29
2022-12-10,sus,265435,271668,0,10,29,1,True,True,False,8,0,29
2022-12-10,sus,265435,271668,0,10,29,1,True,True,False,9,0,29
2022-12-10,sus,265435,271668,0,10,29,1,True,True,False,10,0,29
2022-12-10,sus,58955,142565,3,7,10,1,True,True,False,1,7,3
2022-12-10,sus,58955,142565,3,7,10,1,True,True,False,2,2,8
2022-12-10,sus,58955,142565,3,7,10,1,True,True,False,3,0,10
2022-12-10,sus,58955,142565,3,7,10,1,True,True,False,4,8,2
2022-12-10,sus,58955,142565,3,7,10,1,True,True,False,5,0,10
2022-12-10,sus,58955,142565,3,7,10,1,True,True,False,6,7,3
2022-12-10,sus,58955,142565,3,7,10,1,True,True,False,7,4,6
2022-12-10,sus,58955,142565,3,7,10,1,True,True,False,8,5,5
2022-12-10,sus,58955,142565,3,7,10,1,True,True,False,9,0,10
2022-12-10,sus,58955,142565,3,7,10,1,True,True,False,10,0,10
2022-12-10,sus,965,47787,6,4,8,1,True,True,False,1,1,7
2022-12-10,sus,965,47787,6,4,8,1,True,True,False,2,6,2
2022-12-10,sus,965,47787,6,4,8,1,True,True,False,3,2,6
2022-12-10,sus,965,47787,6,4,8,1,True,True,False,4,6,2
2022-12-10,sus,965,47787,6,4,8,1,True,True,False,5,5,3
2022-12-10,sus,965,47787,6,4,8,1,True,True,False,6,6,2
2022-12-10,sus,965,47787,6,4,8,1,True,True,False,7,4,4
2022-12-10,sus,965,47787,6,4,8,1,True,True,False,8,8,0
2022-12-10,sus,965,47787,6,4,8,1,True,True,False,9,4,4
2022-12-10,sus,965,47787,6,4,8,1,True,True,False,10,5,3
2022-12-10,sus,46997,54197,0,10,10,1,True,True,False,1,0,10
2022-12-10,sus,46997,54197,0,10,10,1,True,True,False,2,0,10
2022-12-10,sus,46997,54197,0,10,10,1,True,True,False,3,0,10
2022-12-10,sus,46997,54197,0,10,10,1,True,True,False,4,0,10
2022-12-10,sus,46997,54197,0,10,10,1,True,True,False,5,0,10
2022-12-10,sus,46997,54197,0,10,10,1,True,True,False,6,0,10
2022-12-10,sus,46997,54197,0,10,10,1,True,True,False,7,0,10
2022-12-10,sus,46997,54197,0,10,10,1,True,True,False,8,0,10
2022-12-10,sus,46997,54197,0,10,10,1,True,True,False,9,0,10
2022-12-10,sus,46997,54197,0,10,10,1,True,True,False,10,0,10
2022-12-10,sus,59796,63516,7,3,5,2,True,True,False,1,2,3
2022-12-10,sus,59796,63516,7,3,5,2,True,True,False,2,2,3
2022-12-10,sus,59796,63516,7,3,5,2,True,True,False,3,2,3
2022-12-10,sus,59796,63516,7,3,5,2,True,True,False,4,5,0
2022-12-10,sus,59796,63516,7,3,5,2,True,True,False,5,5,0
2022-12-10,sus,59796,63516,7,3,5,2,True,True,False,6,5,0
2022-12-10,sus,59796,63516,7,3,5,2,True,True,False,7,5,0
2022-12-10,sus,59796,63516,7,3,5,2,True,True,False,8,5,0
2022-12-10,sus,59796,63516,7,3,5,2,True,True,False,9,5,0
2022-12-10,sus,59796,63516,7,3,5,2,True,True,False,10,5,0
2022-12-10,sus,267268,271078,0,10,6,1,True,True,False,1,0,6
2022-12-10,sus,267268,271078,0,10,6,1,True,True,False,2,0,6
2022-12-10,sus,267268,271078,0,10,6,1,True,True,False,3,0,6
2022-12-10,sus,267268,271078,0,10,6,1,True,True,False,4,0,6
2022-12-10,sus,267268,271078,0,10,6,1,True,True,False,5,0,6
2022-12-10,sus,267268,271078,0,10,6,1,True,True,False,6,0,6
2022-12-10,sus,267268,271078,0,10,6,1,True,True,False,7,0,6
2022-12-10,sus,267268,271078,0,10,6,1,True,True,False,8,0,6
2022-12-10,sus,267268,271078,0,10,6,1,True,True,False,9,0,6
2022-12-10,sus,267268,271078,0,10,6,1,True,True,False,10,0,6
2022-12-10,sus,2,199811,0,10,22,1,True,True,False,1,0,22
2022-12-10,sus,2,199811,0,10,22,1,True,True,False,2,0,22
2022-12-10,sus,2,199811,0,10,22,1,True,True,False,3,0,22
2022-12-10,sus,2,199811,0,10,22,1,True,True,False,4,0,22
2022-12-10,sus,2,199811,0,10,22,1,True,True,False,5,0,22
2022-12-10,sus,2,199811,0,10,22,1,True,True,False,6,0,22
2022-12-10,sus,2,199811,0,10,22,1,True,True,False,7,0,22
2022-12-10,sus,2,199811,0,10,22,1,True,True,False,8,0,22
2022-12-10,sus,2,199811,0,10,22,1,True,True,False,9,0,22
2022-12-10,sus,2,199811,0,10,22,1,True,True,False,10,0,22
2022-12-10,sus,44570,60391,0,10,177,1,True,True,False,1,34,143
2022-12-10,sus,44570,60391,0,10,177,1,True,True,False,2,39,138
2022-12-10,sus,44570,60391,0,10,177,1,True,True,False,3,40,137
2022-12-10,sus,44570,60391,0,10,177,1,True,True,False,4,40,137
2022-12-10,sus,44570,60391,0,10,177,1,True,True,False,5,41,136
2022-12-10,sus,44570,60391,0,10,177,1,True,True,False,6,45,132
2022-12-10,sus,44570,60391,0,10,177,1,True,True,False,7,43,134
2022-12-10,sus,44570,60391,0,10,177,1,True,True,False,8,44,133
2022-12-10,sus,44570,60391,0,10,177,1,True,True,False,9,59,118
2022-12-10,sus,44570,60391,0,10,177,1,True,True,False,10,61,116
2022-12-10,sus,11232,13335,0,10,16,1,True,True,False,1,0,16
2022-12-10,sus,11232,13335,0,10,16,1,True,True,False,2,0,16
2022-12-10,sus,11232,13335,0,10,16,1,True,True,False,3,1,15
2022-12-10,sus,11232,13335,0,10,16,1,True,True,False,4,0,16
2022-12-10,sus,11232,13335,0,10,16,1,True,True,False,5,5,11
2022-12-10,sus,11232,13335,0,10,16,1,True,True,False,6,2,14
2022-12-10,sus,11232,13335,0,10,16,1,True,True,False,7,5,11
2022-12-10,sus,11232,13335,0,10,16,1,True,True,False,8,6,10
2022-12-10,sus,11232,13335,0,10,16,1,True,True,False,9,6,10
2022-12-10,sus,11232,13335,0,10,16,1,True,True,False,10,6,10
2022-12-10,sus,924,52210,2,8,324,1,True,False,False,1,7,317
2022-12-10,sus,924,52210,2,8,324,1,True,False,False,2,9,315
2022-12-10,sus,924,52210,2,8,324,1,True,False,False,3,9,315
2022-12-10,sus,924,52210,2,8,324,1,True,False,False,4,19,305
2022-12-10,sus,924,52210,2,8,324,1,True,False,False,5,99,225
2022-12-10,sus,924,52210,2,8,324,1,True,False,False,6,111,213
2022-12-10,sus,924,52210,2,8,324,1,True,False,False,7,83,241
2022-12-10,sus,924,52210,2,8,324,1,True,False,False,8,188,136
2022-12-10,sus,924,52210,2,8,324,1,True,False,False,9,143,181
2022-12-10,sus,924,52210,2,8,324,1,True,False,False,10,172,152
2022-12-10,sus,37100,329174,7,3,72,1,True,True,False,1,0,72
2022-12-10,sus,37100,329174,7,3,72,1,True,True,False,2,24,48
2022-12-10,sus,37100,329174,7,3,72,1,True,True,False,3,29,43
2022-12-10,sus,37100,329174,7,3,72,1,True,True,False,4,42,30
2022-12-10,sus,37100,329174,7,3,72,1,True,True,False,5,53,19
2022-12-10,sus,37100,329174,7,3,72,1,True,True,False,6,57,15
2022-12-10,sus,37100,329174,7,3,72,1,True,True,False,7,58,14
2022-12-10,sus,37100,329174,7,3,72,1,True,True,False,8,60,12
2022-12-10,sus,37100,329174,7,3,72,1,True,True,False,9,58,14
2022-12-10,sus,37100,329174,7,3,72,1,True,True,False,10,62,10
2022-12-10,sus,149007,202888,0,10,323,1,True,True,False,1,3,320
2022-12-10,sus,149007,202888,0,10,323,1,True,True,False,2,4,319
2022-12-10,sus,149007,202888,0,10,323,1,True,True,False,3,4,319
2022-12-10,sus,149007,202888,0,10,323,1,True,True,False,4,7,316
2022-12-10,sus,149007,202888,0,10,323,1,True,True,False,5,8,315
2022-12-10,sus,149007,202888,0,10,323,1,True,True,False,6,8,315
2022-12-10,sus,149007,202888,0,10,323,1,True,True,False,7,8,315
2022-12-10,sus,149007,202888,0,10,323,1,True,True,False,8,8,315
2022-12-10,sus,149007,202888,0,10,323,1,True,True,False,9,8,315
2022-12-10,sus,149007,202888,0,10,323,1,True,True,False,10,8,315
2022-12-10,sus,53836,398013,0,10,1,1,True,True,False,1,0,1
2022-12-10,sus,53836,398013,0,10,1,1,True,True,False,2,0,1
2022-12-10,sus,53836,398013,0,10,1,1,True,True,False,3,0,1
2022-12-10,sus,53836,398013,0,10,1,1,True,True,False,4,0,1
2022-12-10,sus,53836,398013,0,10,1,1,True,True,False,5,0,1
2022-12-10,sus,53836,398013,0,10,1,1,True,True,False,6,0,1
2022-12-10,sus,53836,398013,0,10,1,1,True,True,False,7,0,1
2022-12-10,sus,53836,398013,0,10,1,1,True,True,False,8,0,1
2022-12-10,sus,53836,398013,0,10,1,1,True,True,False,9,0,1
2022-12-10,sus,53836,398013,0,10,1,1,True,True,False,10,0,1
2022-12-10,sus,17819,24507,9,1,556,1,True,False,False,1,112,444
2022-12-10,sus,17819,24507,9,1,556,1,True,False,False,2,528,28
2022-12-10,sus,17819,24507,9,1,556,1,True,False,False,3,524,32
2022-12-10,sus,17819,24507,9,1,556,1,True,False,False,4,555,1
2022-12-10,sus,17819,24507,9,1,556,1,True,False,False,5,528,28
2022-12-10,sus,17819,24507,9,1,556,1,True,False,False,6,530,26
2022-12-10,sus,17819,24507,9,1,556,1,True,False,False,7,556,0
2022-12-10,sus,17819,24507,9,1,556,1,True,False,False,8,556,0
2022-12-10,sus,17819,24507,9,1,556,1,True,False,False,9,556,0
2022-12-10,sus,17819,24507,9,1,556,1,True,False,False,10,538,18
2022-12-10,sus,11883,40887,0,10,4,1,False,True,False,1,0,4
2022-12-10,sus,11883,40887,0,10,4,1,False,True,False,2,0,4
2022-12-10,sus,11883,40887,0,10,4,1,False,True,False,3,0,4
2022-12-10,sus,11883,40887,0,10,4,1,False,True,False,4,0,4
2022-12-10,sus,11883,40887,0,10,4,1,False,True,False,5,0,4
2022-12-10,sus,11883,40887,0,10,4,1,False,True,False,6,0,4
2022-12-10,sus,11883,40887,0,10,4,1,False,True,False,7,0,4
2022-12-10,sus,11883,40887,0,10,4,1,False,True,False,8,1,3
2022-12-10,sus,11883,40887,0,10,4,1,False,True,False,9,0,4
2022-12-10,sus,11883,40887,0,10,4,1,False,True,False,10,1,3
2022-12-10,sus,49304,200912,0,10,92,1,True,True,False,1,0,92
2022-12-10,sus,49304,200912,0,10,92,1,True,True,False,2,0,92
2022-12-10,sus,49304,200912,0,10,92,1,True,True,False,3,0,92
2022-12-10,sus,49304,200912,0,10,92,1,True,True,False,4,0,92
2022-12-10,sus,49304,200912,0,10,92,1,True,True,False,5,0,92
2022-12-10,sus,49304,200912,0,10,92,1,True,True,False,6,0,92
2022-12-10,sus,49304,200912,0,10,92,1,True,True,False,7,0,92
2022-12-10,sus,49304,200912,0,10,92,1,True,True,False,8,0,92
2022-12-10,sus,49304,200912,0,10,92,1,True,True,False,9,0,92
2022-12-10,sus,49304,200912,0,10,92,1,True,True,False,10,0,92
2022-12-10,sus,24768,212609,9,1,3,1,False,True,False,1,0,3
2022-12-10,sus,24768,212609,9,1,3,1,False,True,False,2,2,1
2022-12-10,sus,24768,212609,9,1,3,1,False,True,False,3,3,0
2022-12-10,sus,24768,212609,9,1,3,1,False,True,False,4,3,0
2022-12-10,sus,24768,212609,9,1,3,1,False,True,False,5,3,0
2022-12-10,sus,24768,212609,9,1,3,1,False,True,False,6,3,0
2022-12-10,sus,24768,212609,9,1,3,1,False,True,False,7,3,0
2022-12-10,sus,24768,212609,9,1,3,1,False,True,False,8,3,0
2022-12-10,sus,24768,212609,9,1,3,1,False,True,False,9,3,0
2022-12-10,sus,24768,212609,9,1,3,1,False,True,False,10,3,0
2022-12-10,sus,137157,150010,1,9,66,1,True,True,False,1,1,65
2022-12-10,sus,137157,150010,1,9,66,1,True,True,False,2,1,65
2022-12-10,sus,137157,150010,1,9,66,1,True,True,False,3,1,65
2022-12-10,sus,137157,150010,1,9,66,1,True,True,False,4,1,65
2022-12-10,sus,137157,150010,1,9,66,1,True,True,False,5,3,63
2022-12-10,sus,137157,150010,1,9,66,1,True,True,False,6,30,36
2022-12-10,sus,137157,150010,1,9,66,1,True,True,False,7,5,61
2022-12-10,sus,137157,150010,1,9,66,1,True,True,False,8,7,59
2022-12-10,sus,137157,150010,1,9,66,1,True,True,False,9,10,56
2022-12-10,sus,137157,150010,1,9,66,1,True,True,False,10,43,23
2022-12-10,sus,49346,51666,3,7,24,1,True,True,False,1,20,4
2022-12-10,sus,49346,51666,3,7,24,1,True,True,False,2,11,13
2022-12-10,sus,49346,51666,3,7,24,1,True,True,False,3,8,16
2022-12-10,sus,49346,51666,3,7,24,1,True,True,False,4,20,4
2022-12-10,sus,49346,51666,3,7,24,1,True,True,False,5,15,9
2022-12-10,sus,49346,51666,3,7,24,1,True,True,False,6,4,20
2022-12-10,sus,49346,51666,3,7,24,1,True,True,False,7,10,14
2022-12-10,sus,49346,51666,3,7,24,1,True,True,False,8,2,22
2022-12-10,sus,49346,51666,3,7,24,1,True,True,False,9,0,24
2022-12-10,sus,49346,51666,3,7,24,1,True,True,False,10,0,24
2022-12-10,sus,6774,210633,8,2,1,1,True,True,False,1,0,1
2022-12-10,sus,6774,210633,8,2,1,1,True,True,False,2,0,1
2022-12-10,sus,6774,210633,8,2,1,1,True,True,False,3,1,0
2022-12-10,sus,6774,210633,8,2,1,1,True,True,False,4,1,0
2022-12-10,sus,6774,210633,8,2,1,1,True,True,False,5,1,0
2022-12-10,sus,6774,210633,8,2,1,1,True,True,False,6,1,0
2022-12-10,sus,6774,210633,8,2,1,1,True,True,False,7,1,0
2022-12-10,sus,6774,210633,8,2,1,1,True,True,False,8,1,0
2022-12-10,sus,6774,210633,8,2,1,1,True,True,False,9,1,0
2022-12-10,sus,6774,210633,8,2,1,1,True,True,False,10,1,0
2022-12-10,sus,44570,200993,6,4,18,1,False,True,False,1,8,10
2022-12-10,sus,44570,200993,6,4,18,1,False,True,False,2,15,3
2022-12-10,sus,44570,200993,6,4,18,1,False,True,False,3,9,9
2022-12-10,sus,44570,200993,6,4,18,1,False,True,False,4,11,7
2022-12-10,sus,44570,200993,6,4,18,1,False,True,False,5,7,11
2022-12-10,sus,44570,200993,6,4,18,1,False,True,False,6,16,2
2022-12-10,sus,44570,200993,6,4,18,1,False,True,False,7,8,10
2022-12-10,sus,44570,200993,6,4,18,1,False,True,False,8,11,7
2022-12-10,sus,44570,200993,6,4,18,1,False,True,False,9,11,7
2022-12-10,sus,44570,200993,6,4,18,1,False,True,False,10,13,5
2022-12-10,sus,50058,201217,9,1,162,1,True,False,False,1,60,102
2022-12-10,sus,50058,201217,9,1,162,1,True,False,False,2,95,67
2022-12-10,sus,50058,201217,9,1,162,1,True,False,False,3,95,67
2022-12-10,sus,50058,201217,9,1,162,1,True,False,False,4,108,54
2022-12-10,sus,50058,201217,9,1,162,1,True,False,False,5,112,50
2022-12-10,sus,50058,201217,9,1,162,1,True,False,False,6,124,38
2022-12-10,sus,50058,201217,9,1,162,1,True,False,False,7,126,36
2022-12-10,sus,50058,201217,9,1,162,1,True,False,False,8,132,30
2022-12-10,sus,50058,201217,9,1,162,1,True,False,False,9,134,28
2022-12-10,sus,50058,201217,9,1,162,1,True,False,False,10,142,20
2022-12-10,sus,43289,57935,0,10,54,1,True,True,False,1,0,54
2022-12-10,sus,43289,57935,0,10,54,1,True,True,False,2,0,54
2022-12-10,sus,43289,57935,0,10,54,1,True,True,False,3,0,54
2022-12-10,sus,43289,57935,0,10,54,1,True,True,False,4,0,54
2022-12-10,sus,43289,57935,0,10,54,1,True,True,False,5,0,54
2022-12-10,sus,43289,57935,0,10,54,1,True,True,False,6,0,54
2022-12-10,sus,43289,57935,0,10,54,1,True,True,False,7,0,54
2022-12-10,sus,43289,57935,0,10,54,1,True,True,False,8,0,54
2022-12-10,sus,43289,57935,0,10,54,1,True,True,False,9,0,54
2022-12-10,sus,43289,57935,0,10,54,1,True,True,False,10,0,54
2022-12-10,sus,23686,54825,0,10,21,1,True,True,False,1,0,21
2022-12-10,sus,23686,54825,0,10,21,1,True,True,False,2,0,21
2022-12-10,sus,23686,54825,0,10,21,1,True,True,False,3,0,21
2022-12-10,sus,23686,54825,0,10,21,1,True,True,False,4,0,21
2022-12-10,sus,23686,54825,0,10,21,1,True,True,False,5,0,21
2022-12-10,sus,23686,54825,0,10,21,1,True,True,False,6,0,21
2022-12-10,sus,23686,54825,0,10,21,1,True,True,False,7,1,20
2022-12-10,sus,23686,54825,0,10,21,1,True,True,False,8,1,20
2022-12-10,sus,23686,54825,0,10,21,1,True,True,False,9,1,20
2022-12-10,sus,23686,54825,0,10,21,1,True,True,False,10,1,20
2022-12-10,sus,200975,205848,0,10,107,1,False,True,False,1,4,103
2022-12-10,sus,200975,205848,0,10,107,1,False,True,False,2,5,102
2022-12-10,sus,200975,205848,0,10,107,1,False,True,False,3,4,103
2022-12-10,sus,200975,205848,0,10,107,1,False,True,False,4,5,102
2022-12-10,sus,200975,205848,0,10,107,1,False,True,False,5,5,102
2022-12-10,sus,200975,205848,0,10,107,1,False,True,False,6,5,102
2022-12-10,sus,200975,205848,0,10,107,1,False,True,False,7,0,107
2022-12-10,sus,200975,205848,0,10,107,1,False,True,False,8,4,103
2022-12-10,sus,200975,205848,0,10,107,1,False,True,False,9,0,107
2022-12-10,sus,200975,205848,0,10,107,1,False,True,False,10,0,107
2022-12-10,sus,271217,271668,0,10,1,1,True,True,False,1,0,1
2022-12-10,sus,271217,271668,0,10,1,1,True,True,False,2,0,1
2022-12-10,sus,271217,271668,0,10,1,1,True,True,False,3,0,1
2022-12-10,sus,271217,271668,0,10,1,1,True,True,False,4,0,1
2022-12-10,sus,271217,271668,0,10,1,1,True,True,False,5,0,1
2022-12-10,sus,271217,271668,0,10,1,1,True,True,False,6,0,1
2022-12-10,sus,271217,271668,0,10,1,1,True,True,False,7,0,1
2022-12-10,sus,271217,271668,0,10,1,1,True,True,False,8,0,1
2022-12-10,sus,271217,271668,0,10,1,1,True,True,False,9,0,1
2022-12-10,sus,271217,271668,0,10,1,1,True,True,False,10,0,1
2022-12-10,sus,8772,62309,4,6,27,1,True,True,False,1,0,27
2022-12-10,sus,8772,62309,4,6,27,1,True,True,False,2,0,27
2022-12-10,sus,8772,62309,4,6,27,1,True,True,False,3,0,27
2022-12-10,sus,8772,62309,4,6,27,1,True,True,False,4,1,26
2022-12-10,sus,8772,62309,4,6,27,1,True,True,False,5,1,26
2022-12-10,sus,8772,62309,4,6,27,1,True,True,False,6,1,26
2022-12-10,sus,8772,62309,4,6,27,1,True,True,False,7,26,1
2022-12-10,sus,8772,62309,4,6,27,1,True,True,False,8,21,6
2022-12-10,sus,8772,62309,4,6,27,1,True,True,False,9,22,5
2022-12-10,sus,8772,62309,4,6,27,1,True,True,False,10,27,0
2022-12-10,sus,25818,37008,0,10,1,1,True,True,False,1,0,1
2022-12-10,sus,25818,37008,0,10,1,1,True,True,False,2,0,1
2022-12-10,sus,25818,37008,0,10,1,1,True,True,False,3,0,1
2022-12-10,sus,25818,37008,0,10,1,1,True,True,False,4,0,1
2022-12-10,sus,25818,37008,0,10,1,1,True,True,False,5,0,1
2022-12-10,sus,25818,37008,0,10,1,1,True,True,False,6,0,1
2022-12-10,sus,25818,37008,0,10,1,1,True,True,False,7,0,1
2022-12-10,sus,25818,37008,0,10,1,1,True,True,False,8,0,1
2022-12-10,sus,25818,37008,0,10,1,1,True,True,False,9,0,1
2022-12-10,sus,25818,37008,0,10,1,1,True,True,False,10,0,1
2022-12-10,sus,47343,206892,0,10,7,1,True,True,False,1,2,5
2022-12-10,sus,47343,206892,0,10,7,1,True,True,False,2,0,7
2022-12-10,sus,47343,206892,0,10,7,1,True,True,False,3,0,7
2022-12-10,sus,47343,206892,0,10,7,1,True,True,False,4,0,7
2022-12-10,sus,47343,206892,0,10,7,1,True,True,False,5,0,7
2022-12-10,sus,47343,206892,0,10,7,1,True,True,False,6,0,7
2022-12-10,sus,47343,206892,0,10,7,1,True,True,False,7,0,7
2022-12-10,sus,47343,206892,0,10,7,1,True,True,False,8,0,7
2022-12-10,sus,47343,206892,0,10,7,1,True,True,False,9,0,7
2022-12-10,sus,47343,206892,0,10,7,1,True,True,False,10,0,7
2022-12-10,sus,9678,212921,0,10,1,1,True,True,False,1,0,1
2022-12-10,sus,9678,212921,0,10,1,1,True,True,False,2,0,1
2022-12-10,sus,9678,212921,0,10,1,1,True,True,False,3,0,1
2022-12-10,sus,9678,212921,0,10,1,1,True,True,False,4,0,1
2022-12-10,sus,9678,212921,0,10,1,1,True,True,False,5,0,1
2022-12-10,sus,9678,212921,0,10,1,1,True,True,False,6,0,1
2022-12-10,sus,9678,212921,0,10,1,1,True,True,False,7,0,1
2022-12-10,sus,9678,212921,0,10,1,1,True,True,False,8,0,1
2022-12-10,sus,9678,212921,0,10,1,1,True,True,False,9,0,1
2022-12-10,sus,9678,212921,0,10,1,1,True,True,False,10,0,1
2022-12-10,sus,56655,212173,5,5,123,1,True,True,False,1,3,120
2022-12-10,sus,56655,212173,5,5,123,1,True,True,False,2,16,107
2022-12-10,sus,56655,212173,5,5,123,1,True,True,False,3,17,106
2022-12-10,sus,56655,212173,5,5,123,1,True,True,False,4,55,68
2022-12-10,sus,56655,212173,5,5,123,1,True,True,False,5,51,72
2022-12-10,sus,56655,212173,5,5,123,1,True,True,False,6,94,29
2022-12-10,sus,56655,212173,5,5,123,1,True,True,False,7,96,27
2022-12-10,sus,56655,212173,5,5,123,1,True,True,False,8,98,25
2022-12-10,sus,56655,212173,5,5,123,1,True,True,False,9,96,27
2022-12-10,sus,56655,212173,5,5,123,1,True,True,False,10,102,21
2022-12-10,sus,56655,398415,0,10,2,1,True,True,False,1,0,2
2022-12-10,sus,56655,398415,0,10,2,1,True,True,False,2,0,2
2022-12-10,sus,56655,398415,0,10,2,1,True,True,False,3,0,2
2022-12-10,sus,56655,398415,0,10,2,1,True,True,False,4,0,2
2022-12-10,sus,56655,398415,0,10,2,1,True,True,False,5,0,2
2022-12-10,sus,56655,398415,0,10,2,1,True,True,False,6,0,2
2022-12-10,sus,56655,398415,0,10,2,1,True,True,False,7,0,2
2022-12-10,sus,56655,398415,0,10,2,1,True,True,False,8,0,2
2022-12-10,sus,56655,398415,0,10,2,1,True,True,False,9,0,2
2022-12-10,sus,56655,398415,0,10,2,1,True,True,False,10,0,2
2022-12-10,sus,263641,264592,0,10,4,2,True,True,False,1,0,4
2022-12-10,sus,263641,264592,0,10,4,2,True,True,False,2,0,4
2022-12-10,sus,263641,264592,0,10,4,2,True,True,False,3,0,4
2022-12-10,sus,263641,264592,0,10,4,2,True,True,False,4,0,4
2022-12-10,sus,263641,264592,0,10,4,2,True,True,False,5,0,4
2022-12-10,sus,263641,264592,0,10,4,2,True,True,False,6,0,4
2022-12-10,sus,263641,264592,0,10,4,2,True,True,False,7,0,4
2022-12-10,sus,263641,264592,0,10,4,2,True,True,False,8,0,4
2022-12-10,sus,263641,264592,0,10,4,2,True,True,False,9,0,4
2022-12-10,sus,263641,264592,0,10,4,2,True,True,False,10,0,4
2022-12-10,sus,132088,149522,0,10,10,1,True,True,False,1,0,10
2022-12-10,sus,132088,149522,0,10,10,1,True,True,False,2,0,10
2022-12-10,sus,132088,149522,0,10,10,1,True,True,False,3,0,10
2022-12-10,sus,132088,149522,0,10,10,1,True,True,False,4,0,10
2022-12-10,sus,132088,149522,0,10,10,1,True,True,False,5,0,10
2022-12-10,sus,132088,149522,0,10,10,1,True,True,False,6,0,10
2022-12-10,sus,132088,149522,0,10,10,1,True,True,False,7,0,10
2022-12-10,sus,132088,149522,0,10,10,1,True,True,False,8,0,10
2022-12-10,sus,132088,149522,0,10,10,1,True,True,False,9,0,10
2022-12-10,sus,132088,149522,0,10,10,1,True,True,False,10,0,10
2022-12-10,sus,24029,136684,3,7,3,1,True,True,False,1,0,3
2022-12-10,sus,24029,136684,3,7,3,1,True,True,False,2,0,3
2022-12-10,sus,24029,136684,3,7,3,1,True,True,False,3,0,3
2022-12-10,sus,24029,136684,3,7,3,1,True,True,False,4,1,2
2022-12-10,sus,24029,136684,3,7,3,1,True,True,False,5,1,2
2022-12-10,sus,24029,136684,3,7,3,1,True,True,False,6,2,1
2022-12-10,sus,24029,136684,3,7,3,1,True,True,False,7,1,2
2022-12-10,sus,24029,136684,3,7,3,1,True,True,False,8,1,2
2022-12-10,sus,24029,136684,3,7,3,1,True,True,False,9,3,0
2022-12-10,sus,24029,136684,3,7,3,1,True,True,False,10,3,0
2022-12-10,sus,36236,133296,0,10,13,1,True,True,False,1,0,13
2022-12-10,sus,36236,133296,0,10,13,1,True,True,False,2,0,13
2022-12-10,sus,36236,133296,0,10,13,1,True,True,False,3,0,13
2022-12-10,sus,36236,133296,0,10,13,1,True,True,False,4,0,13
2022-12-10,sus,36236,133296,0,10,13,1,True,True,False,5,0,13
2022-12-10,sus,36236,133296,0,10,13,1,True,True,False,6,0,13
2022-12-10,sus,36236,133296,0,10,13,1,True,True,False,7,0,13
2022-12-10,sus,36236,133296,0,10,13,1,True,True,False,8,0,13
2022-12-10,sus,36236,133296,0,10,13,1,True,True,False,9,0,13
2022-12-10,sus,36236,133296,0,10,13,1,True,True,False,10,0,13
2022-12-10,sus,1299,57829,4,6,12,1,True,True,False,1,0,12
2022-12-10,sus,1299,57829,4,6,12,1,True,True,False,2,1,11
2022-12-10,sus,1299,57829,4,6,12,1,True,True,False,3,0,12
2022-12-10,sus,1299,57829,4,6,12,1,True,True,False,4,0,12
2022-12-10,sus,1299,57829,4,6,12,1,True,True,False,5,9,3
2022-12-10,sus,1299,57829,4,6,12,1,True,True,False,6,8,4
2022-12-10,sus,1299,57829,4,6,12,1,True,True,False,7,10,2
2022-12-10,sus,1299,57829,4,6,12,1,True,True,False,8,0,12
2022-12-10,sus,1299,57829,4,6,12,1,True,True,False,9,0,12
2022-12-10,sus,1299,57829,4,6,12,1,True,True,False,10,8,4
2022-12-10,sus,9198,21859,5,5,1,1,True,True,False,1,0,1
2022-12-10,sus,9198,21859,5,5,1,1,True,True,False,2,0,1
2022-12-10,sus,9198,21859,5,5,1,1,True,True,False,3,0,1
2022-12-10,sus,9198,21859,5,5,1,1,True,True,False,4,0,1
2022-12-10,sus,9198,21859,5,5,1,1,True,True,False,5,0,1
2022-12-10,sus,9198,21859,5,5,1,1,True,True,False,6,1,0
2022-12-10,sus,9198,21859,5,5,1,1,True,True,False,7,1,0
2022-12-10,sus,9198,21859,5,5,1,1,True,True,False,8,1,0
2022-12-10,sus,9198,21859,5,5,1,1,True,True,False,9,1,0
2022-12-10,sus,9198,21859,5,5,1,1,True,True,False,10,1,0
2022-12-10,sus,25818,36868,0,10,27,1,True,True,False,1,0,27
2022-12-10,sus,25818,36868,0,10,27,1,True,True,False,2,0,27
2022-12-10,sus,25818,36868,0,10,27,1,True,True,False,3,0,27
2022-12-10,sus,25818,36868,0,10,27,1,True,True,False,4,1,26
2022-12-10,sus,25818,36868,0,10,27,1,True,True,False,5,1,26
2022-12-10,sus,25818,36868,0,10,27,1,True,True,False,6,1,26
2022-12-10,sus,25818,36868,0,10,27,1,True,True,False,7,1,26
2022-12-10,sus,25818,36868,0,10,27,1,True,True,False,8,1,26
2022-12-10,sus,25818,36868,0,10,27,1,True,True,False,9,1,26
2022-12-10,sus,25818,36868,0,10,27,1,True,True,False,10,1,26
2022-12-10,sus,23520,272831,4,6,12,1,True,True,False,1,8,4
2022-12-10,sus,23520,272831,4,6,12,1,True,True,False,2,5,7
2022-12-10,sus,23520,272831,4,6,12,1,True,True,False,3,4,8
2022-12-10,sus,23520,272831,4,6,12,1,True,True,False,4,3,9
2022-12-10,sus,23520,272831,4,6,12,1,True,True,False,5,10,2
2022-12-10,sus,23520,272831,4,6,12,1,True,True,False,6,4,8
2022-12-10,sus,23520,272831,4,6,12,1,True,True,False,7,11,1
2022-12-10,sus,23520,272831,4,6,12,1,True,True,False,8,4,8
2022-12-10,sus,23520,272831,4,6,12,1,True,True,False,9,3,9
2022-12-10,sus,23520,272831,4,6,12,1,True,True,False,10,10,2
2022-12-10,sus,35928,327782,7,3,11,1,True,True,False,1,0,11
2022-12-10,sus,35928,327782,7,3,11,1,True,True,False,2,0,11
2022-12-10,sus,35928,327782,7,3,11,1,True,True,False,3,4,7
2022-12-10,sus,35928,327782,7,3,11,1,True,True,False,4,9,2
2022-12-10,sus,35928,327782,7,3,11,1,True,True,False,5,11,0
2022-12-10,sus,35928,327782,7,3,11,1,True,True,False,6,11,0
2022-12-10,sus,35928,327782,7,3,11,1,True,True,False,7,11,0
2022-12-10,sus,35928,327782,7,3,11,1,True,True,False,8,11,0
2022-12-10,sus,35928,327782,7,3,11,1,True,True,False,9,11,0
2022-12-10,sus,35928,327782,7,3,11,1,True,True,False,10,11,0
2022-12-10,sus,26298,262983,1,9,21,2,True,True,False,1,18,3
2022-12-10,sus,26298,262983,1,9,21,2,True,True,False,2,0,21
2022-12-10,sus,26298,262983,1,9,21,2,True,True,False,3,0,21
2022-12-10,sus,26298,262983,1,9,21,2,True,True,False,4,1,20
2022-12-10,sus,26298,262983,1,9,21,2,True,True,False,5,0,21
2022-12-10,sus,26298,262983,1,9,21,2,True,True,False,6,1,20
2022-12-10,sus,26298,262983,1,9,21,2,True,True,False,7,0,21
2022-12-10,sus,26298,262983,1,9,21,2,True,True,False,8,0,21
2022-12-10,sus,26298,262983,1,9,21,2,True,True,False,9,1,20
2022-12-10,sus,26298,262983,1,9,21,2,True,True,False,10,0,21
2022-12-10,sus,47787,399306,5,5,13,1,True,False,False,1,0,13
2022-12-10,sus,47787,399306,5,5,13,1,True,False,False,2,0,13
2022-12-10,sus,47787,399306,5,5,13,1,True,False,False,3,1,12
2022-12-10,sus,47787,399306,5,5,13,1,True,False,False,4,10,3
2022-12-10,sus,47787,399306,5,5,13,1,True,False,False,5,4,9
2022-12-10,sus,47787,399306,5,5,13,1,True,False,False,6,3,10
2022-12-10,sus,47787,399306,5,5,13,1,True,False,False,7,10,3
2022-12-10,sus,47787,399306,5,5,13,1,True,False,False,8,10,3
2022-12-10,sus,47787,399306,5,5,13,1,True,False,False,9,10,3
2022-12-10,sus,47787,399306,5,5,13,1,True,False,False,10,10,3
2022-12-10,sus,135687,150070,0,10,3,1,False,False,False,1,0,3
2022-12-10,sus,135687,150070,0,10,3,1,False,False,False,2,0,3
2022-12-10,sus,135687,150070,0,10,3,1,False,False,False,3,0,3
2022-12-10,sus,135687,150070,0,10,3,1,False,False,False,4,0,3
2022-12-10,sus,135687,150070,0,10,3,1,False,False,False,5,0,3
2022-12-10,sus,135687,150070,0,10,3,1,False,False,False,6,0,3
2022-12-10,sus,135687,150070,0,10,3,1,False,False,False,7,0,3
2022-12-10,sus,135687,150070,0,10,3,1,False,False,False,8,0,3
2022-12-10,sus,135687,150070,0,10,3,1,False,False,False,9,0,3
2022-12-10,sus,135687,150070,0,10,3,1,False,False,False,10,0,3
2022-12-10,sus,7,272808,0,10,151,1,True,True,False,1,0,151
2022-12-10,sus,7,272808,0,10,151,1,True,True,False,2,0,151
2022-12-10,sus,7,272808,0,10,151,1,True,True,False,3,0,151
2022-12-10,sus,7,272808,0,10,151,1,True,True,False,4,0,151
2022-12-10,sus,7,272808,0,10,151,1,True,True,False,5,0,151
2022-12-10,sus,7,272808,0,10,151,1,True,True,False,6,4,147
2022-12-10,sus,7,272808,0,10,151,1,True,True,False,7,0,151
2022-12-10,sus,7,272808,0,10,151,1,True,True,False,8,4,147
2022-12-10,sus,7,272808,0,10,151,1,True,True,False,9,1,150
2022-12-10,sus,7,272808,0,10,151,1,True,True,False,10,0,151
2022-12-10,sus,149522,204091,0,10,8,1,True,True,False,1,2,6
2022-12-10,sus,149522,204091,0,10,8,1,True,True,False,2,0,8
2022-12-10,sus,149522,204091,0,10,8,1,True,True,False,3,0,8
2022-12-10,sus,149522,204091,0,10,8,1,True,True,False,4,0,8
2022-12-10,sus,149522,204091,0,10,8,1,True,True,False,5,0,8
2022-12-10,sus,149522,204091,0,10,8,1,True,True,False,6,0,8
2022-12-10,sus,149522,204091,0,10,8,1,True,True,False,7,0,8
2022-12-10,sus,149522,204091,0,10,8,1,True,True,False,8,0,8
2022-12-10,sus,149522,204091,0,10,8,1,True,True,False,9,0,8
2022-12-10,sus,149522,204091,0,10,8,1,True,True,False,10,0,8
2022-12-10,sus,139328,202888,9,1,421,"1,2",True,True,False,1,421,0
2022-12-10,sus,139328,202888,9,1,421,"1,2",True,True,False,2,421,0
2022-12-10,sus,139328,202888,9,1,421,"1,2",True,True,False,3,421,0
2022-12-10,sus,139328,202888,9,1,421,"1,2",True,True,False,4,421,0
2022-12-10,sus,139328,202888,9,1,421,"1,2",True,True,False,5,421,0
2022-12-10,sus,139328,202888,9,1,421,"1,2",True,True,False,6,421,0
2022-12-10,sus,139328,202888,9,1,421,"1,2",True,True,False,7,420,1
2022-12-10,sus,139328,202888,9,1,421,"1,2",True,True,False,8,369,52
2022-12-10,sus,139328,202888,9,1,421,"1,2",True,True,False,9,336,85
2022-12-10,sus,139328,202888,9,1,421,"1,2",True,True,False,10,135,286
2022-12-10,sus,51669,264479,9,1,1,1,True,True,True,1,0,1
2022-12-10,sus,51669,264479,9,1,1,1,True,True,True,2,1,0
2022-12-10,sus,51669,264479,9,1,1,1,True,True,True,3,1,0
2022-12-10,sus,51669,264479,9,1,1,1,True,True,True,4,1,0
2022-12-10,sus,51669,264479,9,1,1,1,True,True,True,5,1,0
2022-12-10,sus,51669,264479,9,1,1,1,True,True,True,6,1,0
2022-12-10,sus,51669,264479,9,1,1,1,True,True,True,7,1,0
2022-12-10,sus,51669,264479,9,1,1,1,True,True,True,8,1,0
2022-12-10,sus,51669,264479,9,1,1,1,True,True,True,9,1,0
2022-12-10,sus,51669,264479,9,1,1,1,True,True,True,10,1,0
2022-12-10,sus,39386,202427,0,10,1,1,True,True,False,1,0,1
2022-12-10,sus,39386,202427,0,10,1,1,True,True,False,2,0,1
2022-12-10,sus,39386,202427,0,10,1,1,True,True,False,3,0,1
2022-12-10,sus,39386,202427,0,10,1,1,True,True,False,4,0,1
2022-12-10,sus,39386,202427,0,10,1,1,True,True,False,5,0,1
2022-12-10,sus,39386,202427,0,10,1,1,True,True,False,6,0,1
2022-12-10,sus,39386,202427,0,10,1,1,True,True,False,7,0,1
2022-12-10,sus,39386,202427,0,10,1,1,True,True,False,8,0,1
2022-12-10,sus,39386,202427,0,10,1,1,True,True,False,9,0,1
2022-12-10,sus,39386,202427,0,10,1,1,True,True,False,10,0,1
2022-12-10,sus,3,273606,0,10,14,1,False,True,False,1,0,14
2022-12-10,sus,3,273606,0,10,14,1,False,True,False,2,0,14
2022-12-10,sus,3,273606,0,10,14,1,False,True,False,3,0,14
2022-12-10,sus,3,273606,0,10,14,1,False,True,False,4,0,14
2022-12-10,sus,3,273606,0,10,14,1,False,True,False,5,0,14
2022-12-10,sus,3,273606,0,10,14,1,False,True,False,6,0,14
2022-12-10,sus,3,273606,0,10,14,1,False,True,False,7,0,14
2022-12-10,sus,3,273606,0,10,14,1,False,True,False,8,0,14
2022-12-10,sus,3,273606,0,10,14,1,False,True,False,9,0,14
2022-12-10,sus,3,273606,0,10,14,1,False,True,False,10,0,14
2022-12-10,sus,62731,397325,0,10,944,1,True,False,False,1,0,944
2022-12-10,sus,62731,397325,0,10,944,1,True,False,False,2,0,944
2022-12-10,sus,62731,397325,0,10,944,1,True,False,False,3,0,944
2022-12-10,sus,62731,397325,0,10,944,1,True,False,False,4,0,944
2022-12-10,sus,62731,397325,0,10,944,1,True,False,False,5,2,942
2022-12-10,sus,62731,397325,0,10,944,1,True,False,False,6,2,942
2022-12-10,sus,62731,397325,0,10,944,1,True,False,False,7,0,944
2022-12-10,sus,62731,397325,0,10,944,1,True,False,False,8,2,942
2022-12-10,sus,62731,397325,0,10,944,1,True,False,False,9,2,942
2022-12-10,sus,62731,397325,0,10,944,1,True,False,False,10,0,944
2022-12-10,sus,52455,269310,6,4,63,1,True,True,False,1,4,59
2022-12-10,sus,52455,269310,6,4,63,1,True,True,False,2,13,50
2022-12-10,sus,52455,269310,6,4,63,1,True,True,False,3,24,39
2022-12-10,sus,52455,269310,6,4,63,1,True,True,False,4,31,32
2022-12-10,sus,52455,269310,6,4,63,1,True,True,False,5,49,14
2022-12-10,sus,52455,269310,6,4,63,1,True,True,False,6,48,15
2022-12-10,sus,52455,269310,6,4,63,1,True,True,False,7,54,9
2022-12-10,sus,52455,269310,6,4,63,1,True,True,False,8,62,1
2022-12-10,sus,52455,269310,6,4,63,1,True,True,False,9,62,1
2022-12-10,sus,52455,269310,6,4,63,1,True,True,False,10,62,1
2022-12-10,sus,49304,212483,0,10,11,1,True,True,False,1,1,10
2022-12-10,sus,49304,212483,0,10,11,1,True,True,False,2,1,10
2022-12-10,sus,49304,212483,0,10,11,1,True,True,False,3,1,10
2022-12-10,sus,49304,212483,0,10,11,1,True,True,False,4,1,10
2022-12-10,sus,49304,212483,0,10,11,1,True,True,False,5,1,10
2022-12-10,sus,49304,212483,0,10,11,1,True,True,False,6,1,10
2022-12-10,sus,49304,212483,0,10,11,1,True,True,False,7,1,10
2022-12-10,sus,49304,212483,0,10,11,1,True,True,False,8,1,10
2022-12-10,sus,49304,212483,0,10,11,1,True,True,False,9,1,10
2022-12-10,sus,49304,212483,0,10,11,1,True,True,False,10,4,7
2022-12-10,sus,9158,211676,8,2,1,1,True,True,False,1,0,1
2022-12-10,sus,9158,211676,8,2,1,1,True,True,False,2,0,1
2022-12-10,sus,9158,211676,8,2,1,1,True,True,False,3,1,0
2022-12-10,sus,9158,211676,8,2,1,1,True,True,False,4,1,0
2022-12-10,sus,9158,211676,8,2,1,1,True,True,False,5,1,0
2022-12-10,sus,9158,211676,8,2,1,1,True,True,False,6,1,0
2022-12-10,sus,9158,211676,8,2,1,1,True,True,False,7,1,0
2022-12-10,sus,9158,211676,8,2,1,1,True,True,False,8,1,0
2022-12-10,sus,9158,211676,8,2,1,1,True,True,False,9,1,0
2022-12-10,sus,9158,211676,8,2,1,1,True,True,False,10,1,0
2022-12-10,sus,35661,200785,4,6,3,1,True,True,False,1,1,2
2022-12-10,sus,35661,200785,4,6,3,1,True,True,False,2,2,1
2022-12-10,sus,35661,200785,4,6,3,1,True,True,False,3,1,2
2022-12-10,sus,35661,200785,4,6,3,1,True,True,False,4,1,2
2022-12-10,sus,35661,200785,4,6,3,1,True,True,False,5,2,1
2022-12-10,sus,35661,200785,4,6,3,1,True,True,False,6,2,1
2022-12-10,sus,35661,200785,4,6,3,1,True,True,False,7,1,2
2022-12-10,sus,35661,200785,4,6,3,1,True,True,False,8,1,2
2022-12-10,sus,35661,200785,4,6,3,1,True,True,False,9,2,1
2022-12-10,sus,35661,200785,4,6,3,1,True,True,False,10,1,2
2022-12-10,sus,61317,133398,0,10,2,1,True,True,False,1,0,2
2022-12-10,sus,61317,133398,0,10,2,1,True,True,False,2,0,2
2022-12-10,sus,61317,133398,0,10,2,1,True,True,False,3,0,2
2022-12-10,sus,61317,133398,0,10,2,1,True,True,False,4,0,2
2022-12-10,sus,61317,133398,0,10,2,1,True,True,False,5,0,2
2022-12-10,sus,61317,133398,0,10,2,1,True,True,False,6,0,2
2022-12-10,sus,61317,133398,0,10,2,1,True,True,False,7,0,2
2022-12-10,sus,61317,133398,0,10,2,1,True,True,False,8,0,2
2022-12-10,sus,61317,133398,0,10,2,1,True,True,False,9,0,2
2022-12-10,sus,61317,133398,0,10,2,1,True,True,False,10,0,2
2022-12-10,sus,13335,266445,0,10,9,1,True,True,False,1,0,9
2022-12-10,sus,13335,266445,0,10,9,1,True,True,False,2,0,9
2022-12-10,sus,13335,266445,0,10,9,1,True,True,False,3,0,9
2022-12-10,sus,13335,266445,0,10,9,1,True,True,False,4,0,9
2022-12-10,sus,13335,266445,0,10,9,1,True,True,False,5,1,8
2022-12-10,sus,13335,266445,0,10,9,1,True,True,False,6,1,8
2022-12-10,sus,13335,266445,0,10,9,1,True,True,False,7,1,8
2022-12-10,sus,13335,266445,0,10,9,1,True,True,False,8,0,9
2022-12-10,sus,13335,266445,0,10,9,1,True,True,False,9,1,8
2022-12-10,sus,13335,266445,0,10,9,1,True,True,False,10,1,8
2022-12-10,sus,22659,395648,0,10,7,1,True,True,False,1,0,7
2022-12-10,sus,22659,395648,0,10,7,1,True,True,False,2,0,7
2022-12-10,sus,22659,395648,0,10,7,1,True,True,False,3,0,7
2022-12-10,sus,22659,395648,0,10,7,1,True,True,False,4,0,7
2022-12-10,sus,22659,395648,0,10,7,1,True,True,False,5,0,7
2022-12-10,sus,22659,395648,0,10,7,1,True,True,False,6,0,7
2022-12-10,sus,22659,395648,0,10,7,1,True,True,False,7,0,7
2022-12-10,sus,22659,395648,0,10,7,1,True,True,False,8,0,7
2022-12-10,sus,22659,395648,0,10,7,1,True,True,False,9,0,7
2022-12-10,sus,22659,395648,0,10,7,1,True,True,False,10,0,7
2022-12-10,sus,41051,201377,6,4,103,1,True,True,False,1,3,100
2022-12-10,sus,41051,201377,6,4,103,1,True,True,False,2,12,91
2022-12-10,sus,41051,201377,6,4,103,1,True,True,False,3,19,84
2022-12-10,sus,41051,201377,6,4,103,1,True,True,False,4,40,63
2022-12-10,sus,41051,201377,6,4,103,1,True,True,False,5,81,22
2022-12-10,sus,41051,201377,6,4,103,1,True,True,False,6,88,15
2022-12-10,sus,41051,201377,6,4,103,1,True,True,False,7,94,9
2022-12-10,sus,41051,201377,6,4,103,1,True,True,False,8,99,4
2022-12-10,sus,41051,201377,6,4,103,1,True,True,False,9,99,4
2022-12-10,sus,41051,201377,6,4,103,1,True,True,False,10,102,1
2022-12-10,sus,44570,200959,4,6,426,1,True,True,False,1,8,418
2022-12-10,sus,44570,200959,4,6,426,1,True,True,False,2,16,410
2022-12-10,sus,44570,200959,4,6,426,1,True,True,False,3,58,368
2022-12-10,sus,44570,200959,4,6,426,1,True,True,False,4,28,398
2022-12-10,sus,44570,200959,4,6,426,1,True,True,False,5,97,329
2022-12-10,sus,44570,200959,4,6,426,1,True,True,False,6,104,322
2022-12-10,sus,44570,200959,4,6,426,1,True,True,False,7,306,120
2022-12-10,sus,44570,200959,4,6,426,1,True,True,False,8,270,156
2022-12-10,sus,44570,200959,4,6,426,1,True,True,False,9,371,55
2022-12-10,sus,44570,200959,4,6,426,1,True,True,False,10,413,13
2022-12-10,sus,36058,36958,3,7,6,2,True,True,False,1,6,0
2022-12-10,sus,36058,36958,3,7,6,2,True,True,False,2,6,0
2022-12-10,sus,36058,36958,3,7,6,2,True,True,False,3,6,0
2022-12-10,sus,36058,36958,3,7,6,2,True,True,False,4,0,6
2022-12-10,sus,36058,36958,3,7,6,2,True,True,False,5,0,6
2022-12-10,sus,36058,36958,3,7,6,2,True,True,False,6,0,6
2022-12-10,sus,36058,36958,3,7,6,2,True,True,False,7,0,6
2022-12-10,sus,36058,36958,3,7,6,2,True,True,False,8,0,6
2022-12-10,sus,36058,36958,3,7,6,2,True,True,False,9,0,6
2022-12-10,sus,36058,36958,3,7,6,2,True,True,False,10,0,6
2022-12-10,sus,47752,58057,9,1,153,1,True,True,False,1,67,86
2022-12-10,sus,47752,58057,9,1,153,1,True,True,False,2,84,69
2022-12-10,sus,47752,58057,9,1,153,1,True,True,False,3,79,74
2022-12-10,sus,47752,58057,9,1,153,1,True,True,False,4,113,40
2022-12-10,sus,47752,58057,9,1,153,1,True,True,False,5,123,30
2022-12-10,sus,47752,58057,9,1,153,1,True,True,False,6,112,41
2022-12-10,sus,47752,58057,9,1,153,1,True,True,False,7,121,32
2022-12-10,sus,47752,58057,9,1,153,1,True,True,False,8,134,19
2022-12-10,sus,47752,58057,9,1,153,1,True,True,False,9,131,22
2022-12-10,sus,47752,58057,9,1,153,1,True,True,False,10,145,8
2022-12-10,sus,53158,269587,5,5,3,2,True,True,False,1,0,3
2022-12-10,sus,53158,269587,5,5,3,2,True,True,False,2,0,3
2022-12-10,sus,53158,269587,5,5,3,2,True,True,False,3,1,2
2022-12-10,sus,53158,269587,5,5,3,2,True,True,False,4,2,1
2022-12-10,sus,53158,269587,5,5,3,2,True,True,False,5,1,2
2022-12-10,sus,53158,269587,5,5,3,2,True,True,False,6,1,2
2022-12-10,sus,53158,269587,5,5,3,2,True,True,False,7,3,0
2022-12-10,sus,53158,269587,5,5,3,2,True,True,False,8,3,0
2022-12-10,sus,53158,269587,5,5,3,2,True,True,False,9,3,0
2022-12-10,sus,53158,269587,5,5,3,2,True,True,False,10,3,0
2022-12-10,sus,59346,140690,5,5,3,1,True,True,False,1,2,1
2022-12-10,sus,59346,140690,5,5,3,1,True,True,False,2,1,2
2022-12-10,sus,59346,140690,5,5,3,1,True,True,False,3,1,2
2022-12-10,sus,59346,140690,5,5,3,1,True,True,False,4,2,1
2022-12-10,sus,59346,140690,5,5,3,1,True,True,False,5,2,1
2022-12-10,sus,59346,140690,5,5,3,1,True,True,False,6,0,3
2022-12-10,sus,59346,140690,5,5,3,1,True,True,False,7,2,1
2022-12-10,sus,59346,140690,5,5,3,1,True,True,False,8,2,1
2022-12-10,sus,59346,140690,5,5,3,1,True,True,False,9,0,3
2022-12-10,sus,59346,140690,5,5,3,1,True,True,False,10,0,3
2022-12-10,sus,27189,271897,1,9,2,2,True,True,False,1,2,0
2022-12-10,sus,27189,271897,1,9,2,2,True,True,False,2,0,2
2022-12-10,sus,27189,271897,1,9,2,2,True,True,False,3,1,1
2022-12-10,sus,27189,271897,1,9,2,2,True,True,False,4,1,1
2022-12-10,sus,27189,271897,1,9,2,2,True,True,False,5,0,2
2022-12-10,sus,27189,271897,1,9,2,2,True,True,False,6,1,1
2022-12-10,sus,27189,271897,1,9,2,2,True,True,False,7,0,2
2022-12-10,sus,27189,271897,1,9,2,2,True,True,False,8,0,2
2022-12-10,sus,27189,271897,1,9,2,2,True,True,False,9,0,2
2022-12-10,sus,27189,271897,1,9,2,2,True,True,False,10,0,2
2022-12-10,sus,49304,200949,0,10,164,1,True,True,False,1,0,164
2022-12-10,sus,49304,200949,0,10,164,1,True,True,False,2,0,164
2022-12-10,sus,49304,200949,0,10,164,1,True,True,False,3,1,163
2022-12-10,sus,49304,200949,0,10,164,1,True,True,False,4,1,163
2022-12-10,sus,49304,200949,0,10,164,1,True,True,False,5,0,164
2022-12-10,sus,49304,200949,0,10,164,1,True,True,False,6,1,163
2022-12-10,sus,49304,200949,0,10,164,1,True,True,False,7,1,163
2022-12-10,sus,49304,200949,0,10,164,1,True,True,False,8,1,163
2022-12-10,sus,49304,200949,0,10,164,1,True,True,False,9,1,163
2022-12-10,sus,49304,200949,0,10,164,1,True,True,False,10,5,159
2022-12-10,sus,56655,200754,0,10,1343,1,True,True,False,1,52,1291
2022-12-10,sus,56655,200754,0,10,1343,1,True,True,False,2,91,1252
2022-12-10,sus,56655,200754,0,10,1343,1,True,True,False,3,94,1249
2022-12-10,sus,56655,200754,0,10,1343,1,True,True,False,4,158,1185
2022-12-10,sus,56655,200754,0,10,1343,1,True,True,False,5,175,1168
2022-12-10,sus,56655,200754,0,10,1343,1,True,True,False,6,229,1114
2022-12-10,sus,56655,200754,0,10,1343,1,True,True,False,7,466,877
2022-12-10,sus,56655,200754,0,10,1343,1,True,True,False,8,554,789
2022-12-10,sus,56655,200754,0,10,1343,1,True,True,False,9,409,934
2022-12-10,sus,56655,200754,0,10,1343,1,True,True,False,10,563,780
2022-12-10,sus,44570,212164,3,7,19,1,True,True,False,1,3,16
2022-12-10,sus,44570,212164,3,7,19,1,True,True,False,2,3,16
2022-12-10,sus,44570,212164,3,7,19,1,True,True,False,3,3,16
2022-12-10,sus,44570,212164,3,7,19,1,True,True,False,4,3,16
2022-12-10,sus,44570,212164,3,7,19,1,True,True,False,5,3,16
2022-12-10,sus,44570,212164,3,7,19,1,True,True,False,6,3,16
2022-12-10,sus,44570,212164,3,7,19,1,True,True,False,7,9,10
2022-12-10,sus,44570,212164,3,7,19,1,True,True,False,8,11,8
2022-12-10,sus,44570,212164,3,7,19,1,True,True,False,9,16,3
2022-12-10,sus,44570,212164,3,7,19,1,True,True,False,10,17,2
2022-12-10,sus,44570,212173,0,10,39,1,True,True,False,1,0,39
2022-12-10,sus,44570,212173,0,10,39,1,True,True,False,2,0,39
2022-12-10,sus,44570,212173,0,10,39,1,True,True,False,3,0,39
2022-12-10,sus,44570,212173,0,10,39,1,True,True,False,4,0,39
2022-12-10,sus,44570,212173,0,10,39,1,True,True,False,5,6,33
2022-12-10,sus,44570,212173,0,10,39,1,True,True,False,6,6,33
2022-12-10,sus,44570,212173,0,10,39,1,True,True,False,7,7,32
2022-12-10,sus,44570,212173,0,10,39,1,True,True,False,8,5,34
2022-12-10,sus,44570,212173,0,10,39,1,True,True,False,9,7,32
2022-12-10,sus,44570,212173,0,10,39,1,True,True,False,10,6,33
2022-12-10,sus,7070,23402,1,9,1,1,True,True,False,1,1,0
2022-12-10,sus,7070,23402,1,9,1,1,True,True,False,2,0,1
2022-12-10,sus,7070,23402,1,9,1,1,True,True,False,3,0,1
2022-12-10,sus,7070,23402,1,9,1,1,True,True,False,4,0,1
2022-12-10,sus,7070,23402,1,9,1,1,True,True,False,5,0,1
2022-12-10,sus,7070,23402,1,9,1,1,True,True,False,6,0,1
2022-12-10,sus,7070,23402,1,9,1,1,True,True,False,7,0,1
2022-12-10,sus,7070,23402,1,9,1,1,True,True,False,8,0,1
2022-12-10,sus,7070,23402,1,9,1,1,True,True,False,9,0,1
2022-12-10,sus,7070,23402,1,9,1,1,True,True,False,10,0,1
2022-12-10,sus,207941,212934,2,8,228,1,True,True,False,1,2,226
2022-12-10,sus,207941,212934,2,8,228,1,True,True,False,2,9,219
2022-12-10,sus,207941,212934,2,8,228,1,True,True,False,3,25,203
2022-12-10,sus,207941,212934,2,8,228,1,True,True,False,4,83,145
2022-12-10,sus,207941,212934,2,8,228,1,True,True,False,5,78,150
2022-12-10,sus,207941,212934,2,8,228,1,True,True,False,6,53,175
2022-12-10,sus,207941,212934,2,8,228,1,True,True,False,7,103,125
2022-12-10,sus,207941,212934,2,8,228,1,True,True,False,8,120,108
2022-12-10,sus,207941,212934,2,8,228,1,True,True,False,9,99,129
2022-12-10,sus,207941,212934,2,8,228,1,True,True,False,10,156,72
2022-12-10,sus,15830,25933,9,1,1,3,True,False,False,1,0,1
2022-12-10,sus,15830,25933,9,1,1,3,True,False,False,2,1,0
2022-12-10,sus,15830,25933,9,1,1,3,True,False,False,3,1,0
2022-12-10,sus,15830,25933,9,1,1,3,True,False,False,4,1,0
2022-12-10,sus,15830,25933,9,1,1,3,True,False,False,5,1,0
2022-12-10,sus,15830,25933,9,1,1,3,True,False,False,6,1,0
2022-12-10,sus,15830,25933,9,1,1,3,True,False,False,7,1,0
2022-12-10,sus,15830,25933,9,1,1,3,True,False,False,8,1,0
2022-12-10,sus,15830,25933,9,1,1,3,True,False,False,9,1,0
2022-12-10,sus,15830,25933,9,1,1,3,True,False,False,10,1,0
2022-12-10,sus,44570,51019,0,10,447,1,True,True,False,1,1,446
2022-12-10,sus,44570,51019,0,10,447,1,True,True,False,2,42,405
2022-12-10,sus,44570,51019,0,10,447,1,True,True,False,3,46,401
2022-12-10,sus,44570,51019,0,10,447,1,True,True,False,4,46,401
2022-12-10,sus,44570,51019,0,10,447,1,True,True,False,5,51,396
2022-12-10,sus,44570,51019,0,10,447,1,True,True,False,6,49,398
2022-12-10,sus,44570,51019,0,10,447,1,True,True,False,7,58,389
2022-12-10,sus,44570,51019,0,10,447,1,True,True,False,8,54,393
2022-12-10,sus,44570,51019,0,10,447,1,True,True,False,9,55,392
2022-12-10,sus,44570,51019,0,10,447,1,True,True,False,10,71,376
2022-12-10,sus,9318,62663,0,10,3,1,True,True,False,1,0,3
2022-12-10,sus,9318,62663,0,10,3,1,True,True,False,2,0,3
2022-12-10,sus,9318,62663,0,10,3,1,True,True,False,3,0,3
2022-12-10,sus,9318,62663,0,10,3,1,True,True,False,4,0,3
2022-12-10,sus,9318,62663,0,10,3,1,True,True,False,5,0,3
2022-12-10,sus,9318,62663,0,10,3,1,True,True,False,6,0,3
2022-12-10,sus,9318,62663,0,10,3,1,True,True,False,7,0,3
2022-12-10,sus,9318,62663,0,10,3,1,True,True,False,8,0,3
2022-12-10,sus,9318,62663,0,10,3,1,True,True,False,9,0,3
2022-12-10,sus,9318,62663,0,10,3,1,True,True,False,10,0,3
2022-12-10,sus,9886,138211,3,7,376,1,True,True,False,1,10,366
2022-12-10,sus,9886,138211,3,7,376,1,True,True,False,2,24,352
2022-12-10,sus,9886,138211,3,7,376,1,True,True,False,3,34,342
2022-12-10,sus,9886,138211,3,7,376,1,True,True,False,4,26,350
2022-12-10,sus,9886,138211,3,7,376,1,True,True,False,5,26,350
2022-12-10,sus,9886,138211,3,7,376,1,True,True,False,6,117,259
2022-12-10,sus,9886,138211,3,7,376,1,True,True,False,7,153,223
2022-12-10,sus,9886,138211,3,7,376,1,True,True,False,8,280,96
2022-12-10,sus,9886,138211,3,7,376,1,True,True,False,9,246,130
2022-12-10,sus,9886,138211,3,7,376,1,True,True,False,10,286,90
2022-12-10,sus,134176,400464,0,10,1,1,True,True,False,1,0,1
2022-12-10,sus,134176,400464,0,10,1,1,True,True,False,2,0,1
2022-12-10,sus,134176,400464,0,10,1,1,True,True,False,3,0,1
2022-12-10,sus,134176,400464,0,10,1,1,True,True,False,4,0,1
2022-12-10,sus,134176,400464,0,10,1,1,True,True,False,5,0,1
2022-12-10,sus,134176,400464,0,10,1,1,True,True,False,6,0,1
2022-12-10,sus,134176,400464,0,10,1,1,True,True,False,7,0,1
2022-12-10,sus,134176,400464,0,10,1,1,True,True,False,8,0,1
2022-12-10,sus,134176,400464,0,10,1,1,True,True,False,9,0,1
2022-12-10,sus,134176,400464,0,10,1,1,True,True,False,10,0,1
2022-12-10,sus,51019,56655,8,2,420,1,False,True,False,1,52,368
2022-12-10,sus,51019,56655,8,2,420,1,False,True,False,2,206,214
2022-12-10,sus,51019,56655,8,2,420,1,False,True,False,3,256,164
2022-12-10,sus,51019,56655,8,2,420,1,False,True,False,4,283,137
2022-12-10,sus,51019,56655,8,2,420,1,False,True,False,5,289,131
2022-12-10,sus,51019,56655,8,2,420,1,False,True,False,6,293,127
2022-12-10,sus,51019,56655,8,2,420,1,False,True,False,7,312,108
2022-12-10,sus,51019,56655,8,2,420,1,False,True,False,8,305,115
2022-12-10,sus,51019,56655,8,2,420,1,False,True,False,9,332,88
2022-12-10,sus,51019,56655,8,2,420,1,False,True,False,10,351,69
2022-12-10,sus,138986,149522,1,9,7,1,True,True,False,1,7,0
2022-12-10,sus,138986,149522,1,9,7,1,True,True,False,2,0,7
2022-12-10,sus,138986,149522,1,9,7,1,True,True,False,3,0,7
2022-12-10,sus,138986,149522,1,9,7,1,True,True,False,4,0,7
2022-12-10,sus,138986,149522,1,9,7,1,True,True,False,5,0,7
2022-12-10,sus,138986,149522,1,9,7,1,True,True,False,6,0,7
2022-12-10,sus,138986,149522,1,9,7,1,True,True,False,7,0,7
2022-12-10,sus,138986,149522,1,9,7,1,True,True,False,8,0,7
2022-12-10,sus,138986,149522,1,9,7,1,True,True,False,9,0,7
2022-12-10,sus,138986,149522,1,9,7,1,True,True,False,10,0,7
2022-12-10,sus,3271,393611,0,10,9,1,True,True,False,1,0,9
2022-12-10,sus,3271,393611,0,10,9,1,True,True,False,2,0,9
2022-12-10,sus,3271,393611,0,10,9,1,True,True,False,3,0,9
2022-12-10,sus,3271,393611,0,10,9,1,True,True,False,4,0,9
2022-12-10,sus,3271,393611,0,10,9,1,True,True,False,5,0,9
2022-12-10,sus,3271,393611,0,10,9,1,True,True,False,6,0,9
2022-12-10,sus,3271,393611,0,10,9,1,True,True,False,7,0,9
2022-12-10,sus,3271,393611,0,10,9,1,True,True,False,8,0,9
2022-12-10,sus,3271,393611,0,10,9,1,True,True,False,9,0,9
2022-12-10,sus,3271,393611,0,10,9,1,True,True,False,10,0,9
2022-12-10,sus,50058,203226,0,10,48,1,True,True,False,1,0,48
2022-12-10,sus,50058,203226,0,10,48,1,True,True,False,2,0,48
2022-12-10,sus,50058,203226,0,10,48,1,True,True,False,3,0,48
2022-12-10,sus,50058,203226,0,10,48,1,True,True,False,4,0,48
2022-12-10,sus,50058,203226,0,10,48,1,True,True,False,5,0,48
2022-12-10,sus,50058,203226,0,10,48,1,True,True,False,6,0,48
2022-12-10,sus,50058,203226,0,10,48,1,True,True,False,7,0,48
2022-12-10,sus,50058,203226,0,10,48,1,True,True,False,8,0,48
2022-12-10,sus,50058,203226,0,10,48,1,True,True,False,9,0,48
2022-12-10,sus,50058,203226,0,10,48,1,True,True,False,10,0,48
2022-12-10,sus,51185,52751,9,1,1,1,True,True,True,1,0,1
2022-12-10,sus,51185,52751,9,1,1,1,True,True,True,2,1,0
2022-12-10,sus,51185,52751,9,1,1,1,True,True,True,3,1,0
2022-12-10,sus,51185,52751,9,1,1,1,True,True,True,4,1,0
2022-12-10,sus,51185,52751,9,1,1,1,True,True,True,5,1,0
2022-12-10,sus,51185,52751,9,1,1,1,True,True,True,6,1,0
2022-12-10,sus,51185,52751,9,1,1,1,True,True,True,7,1,0
2022-12-10,sus,51185,52751,9,1,1,1,True,True,True,8,1,0
2022-12-10,sus,51185,52751,9,1,1,1,True,True,True,9,1,0
2022-12-10,sus,51185,52751,9,1,1,1,True,True,True,10,1,0
2022-12-10,sus,13213,199204,0,10,1,1,True,True,False,1,0,1
2022-12-10,sus,13213,199204,0,10,1,1,True,True,False,2,0,1
2022-12-10,sus,13213,199204,0,10,1,1,True,True,False,3,0,1
2022-12-10,sus,13213,199204,0,10,1,1,True,True,False,4,0,1
2022-12-10,sus,13213,199204,0,10,1,1,True,True,False,5,0,1
2022-12-10,sus,13213,199204,0,10,1,1,True,True,False,6,0,1
2022-12-10,sus,13213,199204,0,10,1,1,True,True,False,7,0,1
2022-12-10,sus,13213,199204,0,10,1,1,True,True,False,8,0,1
2022-12-10,sus,13213,199204,0,10,1,1,True,True,False,9,0,1
2022-12-10,sus,13213,199204,0,10,1,1,True,True,False,10,0,1
2022-12-10,sus,8849,203861,2,8,15,1,True,True,False,1,0,15
2022-12-10,sus,8849,203861,2,8,15,1,True,True,False,2,0,15
2022-12-10,sus,8849,203861,2,8,15,1,True,True,False,3,0,15
2022-12-10,sus,8849,203861,2,8,15,1,True,True,False,4,0,15
2022-12-10,sus,8849,203861,2,8,15,1,True,True,False,5,0,15
2022-12-10,sus,8849,203861,2,8,15,1,True,True,False,6,0,15
2022-12-10,sus,8849,203861,2,8,15,1,True,True,False,7,0,15
2022-12-10,sus,8849,203861,2,8,15,1,True,True,False,8,0,15
2022-12-10,sus,8849,203861,2,8,15,1,True,True,False,9,15,0
2022-12-10,sus,8849,203861,2,8,15,1,True,True,False,10,15,0
2022-12-10,sus,28277,271174,0,10,94,1,True,True,False,1,13,81
2022-12-10,sus,28277,271174,0,10,94,1,True,True,False,2,20,74
2022-12-10,sus,28277,271174,0,10,94,1,True,True,False,3,21,73
2022-12-10,sus,28277,271174,0,10,94,1,True,True,False,4,28,66
2022-12-10,sus,28277,271174,0,10,94,1,True,True,False,5,41,53
2022-12-10,sus,28277,271174,0,10,94,1,True,True,False,6,33,61
2022-12-10,sus,28277,271174,0,10,94,1,True,True,False,7,43,51
2022-12-10,sus,28277,271174,0,10,94,1,True,True,False,8,36,58
2022-12-10,sus,28277,271174,0,10,94,1,True,True,False,9,46,48
2022-12-10,sus,28277,271174,0,10,94,1,True,True,False,10,46,48
2022-12-10,sus,25454,264479,1,9,1,1,True,True,True,1,0,1
2022-12-10,sus,25454,264479,1,9,1,1,True,True,True,2,0,1
2022-12-10,sus,25454,264479,1,9,1,1,True,True,True,3,0,1
2022-12-10,sus,25454,264479,1,9,1,1,True,True,True,4,0,1
2022-12-10,sus,25454,264479,1,9,1,1,True,True,True,5,0,1
2022-12-10,sus,25454,264479,1,9,1,1,True,True,True,6,0,1
2022-12-10,sus,25454,264479,1,9,1,1,True,True,True,7,0,1
2022-12-10,sus,25454,264479,1,9,1,1,True,True,True,8,0,1
2022-12-10,sus,25454,264479,1,9,1,1,True,True,True,9,0,1
2022-12-10,sus,25454,264479,1,9,1,1,True,True,True,10,1,0
2022-12-10,sus,36396,395203,0,10,242,1,True,False,False,1,0,242
2022-12-10,sus,36396,395203,0,10,242,1,True,False,False,2,0,242
2022-12-10,sus,36396,395203,0,10,242,1,True,False,False,3,0,242
2022-12-10,sus,36396,395203,0,10,242,1,True,False,False,4,0,242
2022-12-10,sus,36396,395203,0,10,242,1,True,False,False,5,0,242
2022-12-10,sus,36396,395203,0,10,242,1,True,False,False,6,0,242
2022-12-10,sus,36396,395203,0,10,242,1,True,False,False,7,0,242
2022-12-10,sus,36396,395203,0,10,242,1,True,False,False,8,0,242
2022-12-10,sus,36396,395203,0,10,242,1,True,False,False,9,0,242
2022-12-10,sus,36396,395203,0,10,242,1,True,False,False,10,0,242
2022-12-10,sus,34665,205460,6,4,10,1,True,False,False,1,1,9
2022-12-10,sus,34665,205460,6,4,10,1,True,False,False,2,4,6
2022-12-10,sus,34665,205460,6,4,10,1,True,False,False,3,4,6
2022-12-10,sus,34665,205460,6,4,10,1,True,False,False,4,4,6
2022-12-10,sus,34665,205460,6,4,10,1,True,False,False,5,6,4
2022-12-10,sus,34665,205460,6,4,10,1,True,False,False,6,8,2
2022-12-10,sus,34665,205460,6,4,10,1,True,False,False,7,9,1
2022-12-10,sus,34665,205460,6,4,10,1,True,False,False,8,9,1
2022-12-10,sus,34665,205460,6,4,10,1,True,False,False,9,8,2
2022-12-10,sus,34665,205460,6,4,10,1,True,False,False,10,8,2
2022-12-10,sus,271799,272069,0,10,7,1,False,True,False,1,0,7
2022-12-10,sus,271799,272069,0,10,7,1,False,True,False,2,0,7
2022-12-10,sus,271799,272069,0,10,7,1,False,True,False,3,1,6
2022-12-10,sus,271799,272069,0,10,7,1,False,True,False,4,2,5
2022-12-10,sus,271799,272069,0,10,7,1,False,True,False,5,0,7
2022-12-10,sus,271799,272069,0,10,7,1,False,True,False,6,0,7
2022-12-10,sus,271799,272069,0,10,7,1,False,True,False,7,1,6
2022-12-10,sus,271799,272069,0,10,7,1,False,True,False,8,0,7
2022-12-10,sus,271799,272069,0,10,7,1,False,True,False,9,0,7
2022-12-10,sus,271799,272069,0,10,7,1,False,True,False,10,0,7
2022-12-10,sus,18577,64100,0,10,5,1,True,True,False,1,0,5
2022-12-10,sus,18577,64100,0,10,5,1,True,True,False,2,0,5
2022-12-10,sus,18577,64100,0,10,5,1,True,True,False,3,0,5
2022-12-10,sus,18577,64100,0,10,5,1,True,True,False,4,0,5
2022-12-10,sus,18577,64100,0,10,5,1,True,True,False,5,0,5
2022-12-10,sus,18577,64100,0,10,5,1,True,True,False,6,0,5
2022-12-10,sus,18577,64100,0,10,5,1,True,True,False,7,0,5
2022-12-10,sus,18577,64100,0,10,5,1,True,True,False,8,0,5
2022-12-10,sus,18577,64100,0,10,5,1,True,True,False,9,0,5
2022-12-10,sus,18577,64100,0,10,5,1,True,True,False,10,0,5
2022-12-10,sus,12297,13335,0,10,13,1,True,True,False,1,1,12
2022-12-10,sus,12297,13335,0,10,13,1,True,True,False,2,1,12
2022-12-10,sus,12297,13335,0,10,13,1,True,True,False,3,3,10
2022-12-10,sus,12297,13335,0,10,13,1,True,True,False,4,3,10
2022-12-10,sus,12297,13335,0,10,13,1,True,True,False,5,3,10
2022-12-10,sus,12297,13335,0,10,13,1,True,True,False,6,3,10
2022-12-10,sus,12297,13335,0,10,13,1,True,True,False,7,3,10
2022-12-10,sus,12297,13335,0,10,13,1,True,True,False,8,4,9
2022-12-10,sus,12297,13335,0,10,13,1,True,True,False,9,4,9
2022-12-10,sus,12297,13335,0,10,13,1,True,True,False,10,4,9
2022-12-10,sus,44570,200885,6,4,406,1,True,True,False,1,50,356
2022-12-10,sus,44570,200885,6,4,406,1,True,True,False,2,120,286
2022-12-10,sus,44570,200885,6,4,406,1,True,True,False,3,147,259
2022-12-10,sus,44570,200885,6,4,406,1,True,True,False,4,186,220
2022-12-10,sus,44570,200885,6,4,406,1,True,True,False,5,226,180
2022-12-10,sus,44570,200885,6,4,406,1,True,True,False,6,221,185
2022-12-10,sus,44570,200885,6,4,406,1,True,True,False,7,251,155
2022-12-10,sus,44570,200885,6,4,406,1,True,True,False,8,254,152
2022-12-10,sus,44570,200885,6,4,406,1,True,True,False,9,260,146
2022-12-10,sus,44570,200885,6,4,406,1,True,True,False,10,314,92
2022-12-10,sus,49304,202776,0,10,262,1,True,True,False,1,1,261
2022-12-10,sus,49304,202776,0,10,262,1,True,True,False,2,2,260
2022-12-10,sus,49304,202776,0,10,262,1,True,True,False,3,2,260
2022-12-10,sus,49304,202776,0,10,262,1,True,True,False,4,6,256
2022-12-10,sus,49304,202776,0,10,262,1,True,True,False,5,6,256
2022-12-10,sus,49304,202776,0,10,262,1,True,True,False,6,8,254
2022-12-10,sus,49304,202776,0,10,262,1,True,True,False,7,10,252
2022-12-10,sus,49304,202776,0,10,262,1,True,True,False,8,12,250
2022-12-10,sus,49304,202776,0,10,262,1,True,True,False,9,12,250
2022-12-10,sus,49304,202776,0,10,262,1,True,True,False,10,20,242
2022-12-10,sus,44570,200912,0,10,21,1,True,True,False,1,4,17
2022-12-10,sus,44570,200912,0,10,21,1,True,True,False,2,4,17
2022-12-10,sus,44570,200912,0,10,21,1,True,True,False,3,4,17
2022-12-10,sus,44570,200912,0,10,21,1,True,True,False,4,4,17
2022-12-10,sus,44570,200912,0,10,21,1,True,True,False,5,4,17
2022-12-10,sus,44570,200912,0,10,21,1,True,True,False,6,4,17
2022-12-10,sus,44570,200912,0,10,21,1,True,True,False,7,4,17
2022-12-10,sus,44570,200912,0,10,21,1,True,True,False,8,7,14
2022-12-10,sus,44570,200912,0,10,21,1,True,True,False,9,4,17
2022-12-10,sus,44570,200912,0,10,21,1,True,True,False,10,4,17
2022-12-10,sus,24121,54825,1,9,11,1,True,True,False,1,0,11
2022-12-10,sus,24121,54825,1,9,11,1,True,True,False,2,0,11
2022-12-10,sus,24121,54825,1,9,11,1,True,True,False,3,0,11
2022-12-10,sus,24121,54825,1,9,11,1,True,True,False,4,0,11
2022-12-10,sus,24121,54825,1,9,11,1,True,True,False,5,2,9
2022-12-10,sus,24121,54825,1,9,11,1,True,True,False,6,0,11
2022-12-10,sus,24121,54825,1,9,11,1,True,True,False,7,1,10
2022-12-10,sus,24121,54825,1,9,11,1,True,True,False,8,3,8
2022-12-10,sus,24121,54825,1,9,11,1,True,True,False,9,2,9
2022-12-10,sus,24121,54825,1,9,11,1,True,True,False,10,10,1
2022-12-10,sus,41047,206292,0,10,28,1,True,True,False,1,0,28
2022-12-10,sus,41047,206292,0,10,28,1,True,True,False,2,0,28
2022-12-10,sus,41047,206292,0,10,28,1,True,True,False,3,0,28
2022-12-10,sus,41047,206292,0,10,28,1,True,True,False,4,0,28
2022-12-10,sus,41047,206292,0,10,28,1,True,True,False,5,0,28
2022-12-10,sus,41047,206292,0,10,28,1,True,True,False,6,0,28
2022-12-10,sus,41047,206292,0,10,28,1,True,True,False,7,0,28
2022-12-10,sus,41047,206292,0,10,28,1,True,True,False,8,0,28
2022-12-10,sus,41047,206292,0,10,28,1,True,True,False,9,0,28
2022-12-10,sus,41047,206292,0,10,28,1,True,True,False,10,0,28
2022-12-10,sus,706,16807,0,10,1,1,True,True,False,1,0,1
2022-12-10,sus,706,16807,0,10,1,1,True,True,False,2,0,1
2022-12-10,sus,706,16807,0,10,1,1,True,True,False,3,0,1
2022-12-10,sus,706,16807,0,10,1,1,True,True,False,4,0,1
2022-12-10,sus,706,16807,0,10,1,1,True,True,False,5,0,1
2022-12-10,sus,706,16807,0,10,1,1,True,True,False,6,0,1
2022-12-10,sus,706,16807,0,10,1,1,True,True,False,7,0,1
2022-12-10,sus,706,16807,0,10,1,1,True,True,False,8,0,1
2022-12-10,sus,706,16807,0,10,1,1,True,True,False,9,0,1
2022-12-10,sus,706,16807,0,10,1,1,True,True,False,10,0,1
2022-12-10,sus,131093,198949,8,2,1,1,True,True,False,1,0,1
2022-12-10,sus,131093,198949,8,2,1,1,True,True,False,2,0,1
2022-12-10,sus,131093,198949,8,2,1,1,True,True,False,3,1,0
2022-12-10,sus,131093,198949,8,2,1,1,True,True,False,4,1,0
2022-12-10,sus,131093,198949,8,2,1,1,True,True,False,5,1,0
2022-12-10,sus,131093,198949,8,2,1,1,True,True,False,6,1,0
2022-12-10,sus,131093,198949,8,2,1,1,True,True,False,7,1,0
2022-12-10,sus,131093,198949,8,2,1,1,True,True,False,8,1,0
2022-12-10,sus,131093,198949,8,2,1,1,True,True,False,9,1,0
2022-12-10,sus,131093,198949,8,2,1,1,True,True,False,10,1,0
2022-12-10,sus,4713,54415,8,2,10,1,True,True,False,1,0,10
2022-12-10,sus,4713,54415,8,2,10,1,True,True,False,2,2,8
2022-12-10,sus,4713,54415,8,2,10,1,True,True,False,3,8,2
2022-12-10,sus,4713,54415,8,2,10,1,True,True,False,4,9,1
2022-12-10,sus,4713,54415,8,2,10,1,True,True,False,5,10,0
2022-12-10,sus,4713,54415,8,2,10,1,True,True,False,6,10,0
2022-12-10,sus,4713,54415,8,2,10,1,True,True,False,7,10,0
2022-12-10,sus,4713,54415,8,2,10,1,True,True,False,8,10,0
2022-12-10,sus,4713,54415,8,2,10,1,True,True,False,9,10,0
2022-12-10,sus,4713,54415,8,2,10,1,True,True,False,10,10,0
2022-12-10,sus,35661,212271,7,3,20,1,True,True,False,1,7,13
2022-12-10,sus,35661,212271,7,3,20,1,True,True,False,2,7,13
2022-12-10,sus,35661,212271,7,3,20,1,True,True,False,3,10,10
2022-12-10,sus,35661,212271,7,3,20,1,True,True,False,4,16,4
2022-12-10,sus,35661,212271,7,3,20,1,True,True,False,5,16,4
2022-12-10,sus,35661,212271,7,3,20,1,True,True,False,6,16,4
2022-12-10,sus,35661,212271,7,3,20,1,True,True,False,7,18,2
2022-12-10,sus,35661,212271,7,3,20,1,True,True,False,8,18,2
2022-12-10,sus,35661,212271,7,3,20,1,True,True,False,9,18,2
2022-12-10,sus,35661,212271,7,3,20,1,True,True,False,10,18,2
2022-12-10,sus,20,266328,0,10,144,1,False,True,False,1,0,144
2022-12-10,sus,20,266328,0,10,144,1,False,True,False,2,0,144
2022-12-10,sus,20,266328,0,10,144,1,False,True,False,3,0,144
2022-12-10,sus,20,266328,0,10,144,1,False,True,False,4,0,144
2022-12-10,sus,20,266328,0,10,144,1,False,True,False,5,0,144
2022-12-10,sus,20,266328,0,10,144,1,False,True,False,6,0,144
2022-12-10,sus,20,266328,0,10,144,1,False,True,False,7,1,143
2022-12-10,sus,20,266328,0,10,144,1,False,True,False,8,0,144
2022-12-10,sus,20,266328,0,10,144,1,False,True,False,9,0,144
2022-12-10,sus,20,266328,0,10,144,1,False,True,False,10,2,142
2022-12-10,sus,4755,32787,0,10,13,1,True,True,False,1,0,13
2022-12-10,sus,4755,32787,0,10,13,1,True,True,False,2,0,13
2022-12-10,sus,4755,32787,0,10,13,1,True,True,False,3,0,13
2022-12-10,sus,4755,32787,0,10,13,1,True,True,False,4,0,13
2022-12-10,sus,4755,32787,0,10,13,1,True,True,False,5,0,13
2022-12-10,sus,4755,32787,0,10,13,1,True,True,False,6,0,13
2022-12-10,sus,4755,32787,0,10,13,1,True,True,False,7,0,13
2022-12-10,sus,4755,32787,0,10,13,1,True,True,False,8,2,11
2022-12-10,sus,4755,32787,0,10,13,1,True,True,False,9,2,11
2022-12-10,sus,4755,32787,0,10,13,1,True,True,False,10,2,11
2022-12-10,sus,36369,138435,0,10,19,"1,2",True,True,False,1,0,19
2022-12-10,sus,36369,138435,0,10,19,"1,2",True,True,False,2,0,19
2022-12-10,sus,36369,138435,0,10,19,"1,2",True,True,False,3,0,19
2022-12-10,sus,36369,138435,0,10,19,"1,2",True,True,False,4,0,19
2022-12-10,sus,36369,138435,0,10,19,"1,2",True,True,False,5,0,19
2022-12-10,sus,36369,138435,0,10,19,"1,2",True,True,False,6,0,19
2022-12-10,sus,36369,138435,0,10,19,"1,2",True,True,False,7,0,19
2022-12-10,sus,36369,138435,0,10,19,"1,2",True,True,False,8,0,19
2022-12-10,sus,36369,138435,0,10,19,"1,2",True,True,False,9,0,19
2022-12-10,sus,36369,138435,0,10,19,"1,2",True,True,False,10,3,16
2022-12-10,sus,10099,25818,9,1,48,1,True,True,False,1,12,36
2022-12-10,sus,10099,25818,9,1,48,1,True,True,False,2,25,23
2022-12-10,sus,10099,25818,9,1,48,1,True,True,False,3,28,20
2022-12-10,sus,10099,25818,9,1,48,1,True,True,False,4,29,19
2022-12-10,sus,10099,25818,9,1,48,1,True,True,False,5,30,18
2022-12-10,sus,10099,25818,9,1,48,1,True,True,False,6,31,17
2022-12-10,sus,10099,25818,9,1,48,1,True,True,False,7,34,14
2022-12-10,sus,10099,25818,9,1,48,1,True,True,False,8,34,14
2022-12-10,sus,10099,25818,9,1,48,1,True,True,False,9,34,14
2022-12-10,sus,10099,25818,9,1,48,1,True,True,False,10,33,15
2022-12-10,sus,44570,200754,0,10,932,1,True,True,False,1,0,932
2022-12-10,sus,44570,200754,0,10,932,1,True,True,False,2,24,908
2022-12-10,sus,44570,200754,0,10,932,1,True,True,False,3,38,894
2022-12-10,sus,44570,200754,0,10,932,1,True,True,False,4,14,918
2022-12-10,sus,44570,200754,0,10,932,1,True,True,False,5,60,872
2022-12-10,sus,44570,200754,0,10,932,1,True,True,False,6,63,869
2022-12-10,sus,44570,200754,0,10,932,1,True,True,False,7,77,855
2022-12-10,sus,44570,200754,0,10,932,1,True,True,False,8,64,868
2022-12-10,sus,44570,200754,0,10,932,1,True,True,False,9,73,859
2022-12-10,sus,44570,200754,0,10,932,1,True,True,False,10,71,861
2022-12-10,sus,5588,30942,0,10,121,1,False,False,False,1,0,121
2022-12-10,sus,5588,30942,0,10,121,1,False,False,False,2,0,121
2022-12-10,sus,5588,30942,0,10,121,1,False,False,False,3,0,121
2022-12-10,sus,5588,30942,0,10,121,1,False,False,False,4,4,117
2022-12-10,sus,5588,30942,0,10,121,1,False,False,False,5,7,114
2022-12-10,sus,5588,30942,0,10,121,1,False,False,False,6,4,117
2022-12-10,sus,5588,30942,0,10,121,1,False,False,False,7,13,108
2022-12-10,sus,5588,30942,0,10,121,1,False,False,False,8,14,107
2022-12-10,sus,5588,30942,0,10,121,1,False,False,False,9,27,94
2022-12-10,sus,5588,30942,0,10,121,1,False,False,False,10,49,72
2022-12-10,sus,41000,58007,0,10,342,1,True,True,False,1,65,277
2022-12-10,sus,41000,58007,0,10,342,1,True,True,False,2,67,275
2022-12-10,sus,41000,58007,0,10,342,1,True,True,False,3,63,279
2022-12-10,sus,41000,58007,0,10,342,1,True,True,False,4,67,275
2022-12-10,sus,41000,58007,0,10,342,1,True,True,False,5,66,276
2022-12-10,sus,41000,58007,0,10,342,1,True,True,False,6,67,275
2022-12-10,sus,41000,58007,0,10,342,1,True,True,False,7,64,278
2022-12-10,sus,41000,58007,0,10,342,1,True,True,False,8,65,277
2022-12-10,sus,41000,58007,0,10,342,1,True,True,False,9,66,276
2022-12-10,sus,41000,58007,0,10,342,1,True,True,False,10,66,276
2022-12-10,sus,44570,210562,0,10,78,1,True,True,False,1,10,68
2022-12-10,sus,44570,210562,0,10,78,1,True,True,False,2,11,67
2022-12-10,sus,44570,210562,0,10,78,1,True,True,False,3,12,66
2022-12-10,sus,44570,210562,0,10,78,1,True,True,False,4,13,65
2022-12-10,sus,44570,210562,0,10,78,1,True,True,False,5,17,61
2022-12-10,sus,44570,210562,0,10,78,1,True,True,False,6,14,64
2022-12-10,sus,44570,210562,0,10,78,1,True,True,False,7,17,61
2022-12-10,sus,44570,210562,0,10,78,1,True,True,False,8,25,53
2022-12-10,sus,44570,210562,0,10,78,1,True,True,False,9,19,59
2022-12-10,sus,44570,210562,0,10,78,1,True,True,False,10,18,60
2022-12-10,sus,13335,24550,1,9,37,1,True,True,False,1,0,37
2022-12-10,sus,13335,24550,1,9,37,1,True,True,False,2,1,36
2022-12-10,sus,13335,24550,1,9,37,1,True,True,False,3,1,36
2022-12-10,sus,13335,24550,1,9,37,1,True,True,False,4,1,36
2022-12-10,sus,13335,24550,1,9,37,1,True,True,False,5,1,36
2022-12-10,sus,13335,24550,1,9,37,1,True,True,False,6,2,35
2022-12-10,sus,13335,24550,1,9,37,1,True,True,False,7,1,36
2022-12-10,sus,13335,24550,1,9,37,1,True,True,False,8,3,34
2022-12-10,sus,13335,24550,1,9,37,1,True,True,False,9,3,34
2022-12-10,sus,13335,24550,1,9,37,1,True,True,False,10,19,18
2022-12-10,sus,25454,39120,5,5,1,1,True,True,True,1,0,1
2022-12-10,sus,25454,39120,5,5,1,1,True,True,True,2,0,1
2022-12-10,sus,25454,39120,5,5,1,1,True,True,True,3,0,1
2022-12-10,sus,25454,39120,5,5,1,1,True,True,True,4,0,1
2022-12-10,sus,25454,39120,5,5,1,1,True,True,True,5,0,1
2022-12-10,sus,25454,39120,5,5,1,1,True,True,True,6,1,0
2022-12-10,sus,25454,39120,5,5,1,1,True,True,True,7,1,0
2022-12-10,sus,25454,39120,5,5,1,1,True,True,True,8,1,0
2022-12-10,sus,25454,39120,5,5,1,1,True,True,True,9,1,0
2022-12-10,sus,25454,39120,5,5,1,1,True,True,True,10,1,0
2022-12-10,sus,44570,200866,4,6,508,1,True,True,False,1,46,462
2022-12-10,sus,44570,200866,4,6,508,1,True,True,False,2,99,409
2022-12-10,sus,44570,200866,4,6,508,1,True,True,False,3,132,376
2022-12-10,sus,44570,200866,4,6,508,1,True,True,False,4,181,327
2022-12-10,sus,44570,200866,4,6,508,1,True,True,False,5,235,273
2022-12-10,sus,44570,200866,4,6,508,1,True,True,False,6,236,272
2022-12-10,sus,44570,200866,4,6,508,1,True,True,False,7,302,206
2022-12-10,sus,44570,200866,4,6,508,1,True,True,False,8,324,184
2022-12-10,sus,44570,200866,4,6,508,1,True,True,False,9,349,159
2022-12-10,sus,44570,200866,4,6,508,1,True,True,False,10,390,118
2022-12-10,sus,140731,202427,8,2,1,1,True,True,False,1,0,1
2022-12-10,sus,140731,202427,8,2,1,1,True,True,False,2,1,0
2022-12-10,sus,140731,202427,8,2,1,1,True,True,False,3,0,1
2022-12-10,sus,140731,202427,8,2,1,1,True,True,False,4,1,0
2022-12-10,sus,140731,202427,8,2,1,1,True,True,False,5,1,0
2022-12-10,sus,140731,202427,8,2,1,1,True,True,False,6,1,0
2022-12-10,sus,140731,202427,8,2,1,1,True,True,False,7,1,0
2022-12-10,sus,140731,202427,8,2,1,1,True,True,False,8,1,0
2022-12-10,sus,140731,202427,8,2,1,1,True,True,False,9,1,0
2022-12-10,sus,140731,202427,8,2,1,1,True,True,False,10,1,0
2022-12-10,sus,52412,271956,0,10,1,1,True,True,False,1,0,1
2022-12-10,sus,52412,271956,0,10,1,1,True,True,False,2,0,1
2022-12-10,sus,52412,271956,0,10,1,1,True,True,False,3,0,1
2022-12-10,sus,52412,271956,0,10,1,1,True,True,False,4,0,1
2022-12-10,sus,52412,271956,0,10,1,1,True,True,False,5,0,1
2022-12-10,sus,52412,271956,0,10,1,1,True,True,False,6,0,1
2022-12-10,sus,52412,271956,0,10,1,1,True,True,False,7,0,1
2022-12-10,sus,52412,271956,0,10,1,1,True,True,False,8,0,1
2022-12-10,sus,52412,271956,0,10,1,1,True,True,False,9,0,1
2022-12-10,sus,52412,271956,0,10,1,1,True,True,False,10,0,1
2022-12-10,sus,211760,213250,2,8,4,1,True,True,False,1,0,4
2022-12-10,sus,211760,213250,2,8,4,1,True,True,False,2,0,4
2022-12-10,sus,211760,213250,2,8,4,1,True,True,False,3,0,4
2022-12-10,sus,211760,213250,2,8,4,1,True,True,False,4,0,4
2022-12-10,sus,211760,213250,2,8,4,1,True,True,False,5,1,3
2022-12-10,sus,211760,213250,2,8,4,1,True,True,False,6,0,4
2022-12-10,sus,211760,213250,2,8,4,1,True,True,False,7,0,4
2022-12-10,sus,211760,213250,2,8,4,1,True,True,False,8,4,0
2022-12-10,sus,211760,213250,2,8,4,1,True,True,False,9,0,4
2022-12-10,sus,211760,213250,2,8,4,1,True,True,False,10,4,0
2022-12-10,sus,13335,55915,3,7,37,1,True,True,False,1,0,37
2022-12-10,sus,13335,55915,3,7,37,1,True,True,False,2,1,36
2022-12-10,sus,13335,55915,3,7,37,1,True,True,False,3,2,35
2022-12-10,sus,13335,55915,3,7,37,1,True,True,False,4,1,36
2022-12-10,sus,13335,55915,3,7,37,1,True,True,False,5,2,35
2022-12-10,sus,13335,55915,3,7,37,1,True,True,False,6,8,29
2022-12-10,sus,13335,55915,3,7,37,1,True,True,False,7,13,24
2022-12-10,sus,13335,55915,3,7,37,1,True,True,False,8,34,3
2022-12-10,sus,13335,55915,3,7,37,1,True,True,False,9,37,0
2022-12-10,sus,13335,55915,3,7,37,1,True,True,False,10,30,7
2022-12-10,sus,56655,212828,9,1,10,1,True,True,False,1,2,8
2022-12-10,sus,56655,212828,9,1,10,1,True,True,False,2,7,3
2022-12-10,sus,56655,212828,9,1,10,1,True,True,False,3,7,3
2022-12-10,sus,56655,212828,9,1,10,1,True,True,False,4,10,0
2022-12-10,sus,56655,212828,9,1,10,1,True,True,False,5,10,0
2022-12-10,sus,56655,212828,9,1,10,1,True,True,False,6,10,0
2022-12-10,sus,56655,212828,9,1,10,1,True,True,False,7,10,0
2022-12-10,sus,56655,212828,9,1,10,1,True,True,False,8,10,0
2022-12-10,sus,56655,212828,9,1,10,1,True,True,False,9,10,0
2022-12-10,sus,56655,212828,9,1,10,1,True,True,False,10,10,0
2022-12-10,sus,4755,35280,6,4,640,"1,2,3,4,5,6,7,8,9,10,11,13,15,17",False,True,False,1,636,4
2022-12-10,sus,4755,35280,6,4,640,"1,2,3,4,5,6,7,8,9,10,11,13,15,17",False,True,False,2,513,127
2022-12-10,sus,4755,35280,6,4,640,"1,2,3,4,5,6,7,8,9,10,11,13,15,17",False,True,False,3,507,133
2022-12-10,sus,4755,35280,6,4,640,"1,2,3,4,5,6,7,8,9,10,11,13,15,17",False,True,False,4,246,394
2022-12-10,sus,4755,35280,6,4,640,"1,2,3,4,5,6,7,8,9,10,11,13,15,17",False,True,False,5,519,121
2022-12-10,sus,4755,35280,6,4,640,"1,2,3,4,5,6,7,8,9,10,11,13,15,17",False,True,False,6,384,256
2022-12-10,sus,4755,35280,6,4,640,"1,2,3,4,5,6,7,8,9,10,11,13,15,17",False,True,False,7,326,314
2022-12-10,sus,4755,35280,6,4,640,"1,2,3,4,5,6,7,8,9,10,11,13,15,17",False,True,False,8,162,478
2022-12-10,sus,4755,35280,6,4,640,"1,2,3,4,5,6,7,8,9,10,11,13,15,17",False,True,False,9,301,339
2022-12-10,sus,4755,35280,6,4,640,"1,2,3,4,5,6,7,8,9,10,11,13,15,17",False,True,False,10,195,445
2022-12-10,sus,9304,18116,0,10,1,1,True,True,False,1,0,1
2022-12-10,sus,9304,18116,0,10,1,1,True,True,False,2,0,1
2022-12-10,sus,9304,18116,0,10,1,1,True,True,False,3,0,1
2022-12-10,sus,9304,18116,0,10,1,1,True,True,False,4,0,1
2022-12-10,sus,9304,18116,0,10,1,1,True,True,False,5,0,1
2022-12-10,sus,9304,18116,0,10,1,1,True,True,False,6,0,1
2022-12-10,sus,9304,18116,0,10,1,1,True,True,False,7,0,1
2022-12-10,sus,9304,18116,0,10,1,1,True,True,False,8,0,1
2022-12-10,sus,9304,18116,0,10,1,1,True,True,False,9,0,1
2022-12-10,sus,9304,18116,0,10,1,1,True,True,False,10,0,1
2022-12-10,sus,49121,212147,9,1,9,1,True,True,False,1,7,2
2022-12-10,sus,49121,212147,9,1,9,1,True,True,False,2,7,2
2022-12-10,sus,49121,212147,9,1,9,1,True,True,False,3,8,1
2022-12-10,sus,49121,212147,9,1,9,1,True,True,False,4,6,3
2022-12-10,sus,49121,212147,9,1,9,1,True,True,False,5,9,0
2022-12-10,sus,49121,212147,9,1,9,1,True,True,False,6,9,0
2022-12-10,sus,49121,212147,9,1,9,1,True,True,False,7,6,3
2022-12-10,sus,49121,212147,9,1,9,1,True,True,False,8,0,9
2022-12-10,sus,49121,212147,9,1,9,1,True,True,False,9,6,3
2022-12-10,sus,49121,212147,9,1,9,1,True,True,False,10,9,0
2022-12-10,sus,20473,50620,9,1,1,2,True,True,False,1,0,1
2022-12-10,sus,20473,50620,9,1,1,2,True,True,False,2,1,0
2022-12-10,sus,20473,50620,9,1,1,2,True,True,False,3,1,0
2022-12-10,sus,20473,50620,9,1,1,2,True,True,False,4,1,0
2022-12-10,sus,20473,50620,9,1,1,2,True,True,False,5,1,0
2022-12-10,sus,20473,50620,9,1,1,2,True,True,False,6,1,0
2022-12-10,sus,20473,50620,9,1,1,2,True,True,False,7,1,0
2022-12-10,sus,20473,50620,9,1,1,2,True,True,False,8,1,0
2022-12-10,sus,20473,50620,9,1,1,2,True,True,False,9,1,0
2022-12-10,sus,20473,50620,9,1,1,2,True,True,False,10,1,0
2022-12-10,sus,41051,206639,9,1,13,1,True,True,False,1,5,8
2022-12-10,sus,41051,206639,9,1,13,1,True,True,False,2,8,5
2022-12-10,sus,41051,206639,9,1,13,1,True,True,False,3,12,1
2022-12-10,sus,41051,206639,9,1,13,1,True,True,False,4,11,2
2022-12-10,sus,41051,206639,9,1,13,1,True,True,False,5,13,0
2022-12-10,sus,41051,206639,9,1,13,1,True,True,False,6,12,1
2022-12-10,sus,41051,206639,9,1,13,1,True,True,False,7,13,0
2022-12-10,sus,41051,206639,9,1,13,1,True,True,False,8,13,0
2022-12-10,sus,41051,206639,9,1,13,1,True,True,False,9,13,0
2022-12-10,sus,41051,206639,9,1,13,1,True,True,False,10,13,0
2022-12-10,sus,44570,200879,6,4,97,1,True,True,False,1,5,92
2022-12-10,sus,44570,200879,6,4,97,1,True,True,False,2,9,88
2022-12-10,sus,44570,200879,6,4,97,1,True,True,False,3,43,54
2022-12-10,sus,44570,200879,6,4,97,1,True,True,False,4,6,91
2022-12-10,sus,44570,200879,6,4,97,1,True,True,False,5,62,35
2022-12-10,sus,44570,200879,6,4,97,1,True,True,False,6,51,46
2022-12-10,sus,44570,200879,6,4,97,1,True,True,False,7,70,27
2022-12-10,sus,44570,200879,6,4,97,1,True,True,False,8,74,23
2022-12-10,sus,44570,200879,6,4,97,1,True,True,False,9,55,42
2022-12-10,sus,44570,200879,6,4,97,1,True,True,False,10,93,4
2022-12-10,sus,270587,270857,0,10,100,1,False,True,False,1,1,99
2022-12-10,sus,270587,270857,0,10,100,1,False,True,False,2,2,98
2022-12-10,sus,270587,270857,0,10,100,1,False,True,False,3,2,98
2022-12-10,sus,270587,270857,0,10,100,1,False,True,False,4,2,98
2022-12-10,sus,270587,270857,0,10,100,1,False,True,False,5,2,98
2022-12-10,sus,270587,270857,0,10,100,1,False,True,False,6,8,92
2022-12-10,sus,270587,270857,0,10,100,1,False,True,False,7,5,95
2022-12-10,sus,270587,270857,0,10,100,1,False,True,False,8,6,94
2022-12-10,sus,270587,270857,0,10,100,1,False,True,False,9,8,92
2022-12-10,sus,270587,270857,0,10,100,1,False,True,False,10,4,96
2022-12-10,sus,49304,140731,0,10,366,1,True,True,False,1,0,366
2022-12-10,sus,49304,140731,0,10,366,1,True,True,False,2,0,366
2022-12-10,sus,49304,140731,0,10,366,1,True,True,False,3,0,366
2022-12-10,sus,49304,140731,0,10,366,1,True,True,False,4,0,366
2022-12-10,sus,49304,140731,0,10,366,1,True,True,False,5,0,366
2022-12-10,sus,49304,140731,0,10,366,1,True,True,False,6,0,366
2022-12-10,sus,49304,140731,0,10,366,1,True,True,False,7,0,366
2022-12-10,sus,49304,140731,0,10,366,1,True,True,False,8,0,366
2022-12-10,sus,49304,140731,0,10,366,1,True,True,False,9,0,366
2022-12-10,sus,49304,140731,0,10,366,1,True,True,False,10,0,366
2022-12-10,sus,51185,272459,9,1,2,"1,2",True,True,True,1,1,1
2022-12-10,sus,51185,272459,9,1,2,"1,2",True,True,True,2,2,0
2022-12-10,sus,51185,272459,9,1,2,"1,2",True,True,True,3,2,0
2022-12-10,sus,51185,272459,9,1,2,"1,2",True,True,True,4,2,0
2022-12-10,sus,51185,272459,9,1,2,"1,2",True,True,True,5,2,0
2022-12-10,sus,51185,272459,9,1,2,"1,2",True,True,True,6,2,0
2022-12-10,sus,51185,272459,9,1,2,"1,2",True,True,True,7,2,0
2022-12-10,sus,51185,272459,9,1,2,"1,2",True,True,True,8,2,0
2022-12-10,sus,51185,272459,9,1,2,"1,2",True,True,True,9,2,0
2022-12-10,sus,51185,272459,9,1,2,"1,2",True,True,True,10,2,0
2022-12-10,sus,200895,203899,0,10,3,1,True,False,False,1,0,3
2022-12-10,sus,200895,203899,0,10,3,1,True,False,False,2,0,3
2022-12-10,sus,200895,203899,0,10,3,1,True,False,False,3,0,3
2022-12-10,sus,200895,203899,0,10,3,1,True,False,False,4,0,3
2022-12-10,sus,200895,203899,0,10,3,1,True,False,False,5,0,3
2022-12-10,sus,200895,203899,0,10,3,1,True,False,False,6,0,3
2022-12-10,sus,200895,203899,0,10,3,1,True,False,False,7,0,3
2022-12-10,sus,200895,203899,0,10,3,1,True,False,False,8,0,3
2022-12-10,sus,200895,203899,0,10,3,1,True,False,False,9,0,3
2022-12-10,sus,200895,203899,0,10,3,1,True,False,False,10,0,3
2022-12-10,sus,924,212934,9,1,252,1,True,False,False,1,81,171
2022-12-10,sus,924,212934,9,1,252,1,True,False,False,2,234,18
2022-12-10,sus,924,212934,9,1,252,1,True,False,False,3,213,39
2022-12-10,sus,924,212934,9,1,252,1,True,False,False,4,163,89
2022-12-10,sus,924,212934,9,1,252,1,True,False,False,5,224,28
2022-12-10,sus,924,212934,9,1,252,1,True,False,False,6,196,56
2022-12-10,sus,924,212934,9,1,252,1,True,False,False,7,243,9
2022-12-10,sus,924,212934,9,1,252,1,True,False,False,8,201,51
2022-12-10,sus,924,212934,9,1,252,1,True,False,False,9,248,4
2022-12-10,sus,924,212934,9,1,252,1,True,False,False,10,201,51
2022-12-10,sus,138211,212483,0,10,319,1,True,True,False,1,15,304
2022-12-10,sus,138211,212483,0,10,319,1,True,True,False,2,15,304
2022-12-10,sus,138211,212483,0,10,319,1,True,True,False,3,16,303
2022-12-10,sus,138211,212483,0,10,319,1,True,True,False,4,29,290
2022-12-10,sus,138211,212483,0,10,319,1,True,True,False,5,25,294
2022-12-10,sus,138211,212483,0,10,319,1,True,True,False,6,17,302
2022-12-10,sus,138211,212483,0,10,319,1,True,True,False,7,22,297
2022-12-10,sus,138211,212483,0,10,319,1,True,True,False,8,47,272
2022-12-10,sus,138211,212483,0,10,319,1,True,True,False,9,38,281
2022-12-10,sus,138211,212483,0,10,319,1,True,True,False,10,42,277
2022-12-10,sus,14907,51375,9,1,1,1,True,True,True,1,0,1
2022-12-10,sus,14907,51375,9,1,1,1,True,True,True,2,1,0
2022-12-10,sus,14907,51375,9,1,1,1,True,True,True,3,1,0
2022-12-10,sus,14907,51375,9,1,1,1,True,True,True,4,1,0
2022-12-10,sus,14907,51375,9,1,1,1,True,True,True,5,1,0
2022-12-10,sus,14907,51375,9,1,1,1,True,True,True,6,1,0
2022-12-10,sus,14907,51375,9,1,1,1,True,True,True,7,1,0
2022-12-10,sus,14907,51375,9,1,1,1,True,True,True,8,1,0
2022-12-10,sus,14907,51375,9,1,1,1,True,True,True,9,1,0
2022-12-10,sus,14907,51375,9,1,1,1,True,True,True,10,1,0
2022-12-10,sus,9002,393644,0,10,9,2,True,True,False,1,0,9
2022-12-10,sus,9002,393644,0,10,9,2,True,True,False,2,0,9
2022-12-10,sus,9002,393644,0,10,9,2,True,True,False,3,0,9
2022-12-10,sus,9002,393644,0,10,9,2,True,True,False,4,0,9
2022-12-10,sus,9002,393644,0,10,9,2,True,True,False,5,0,9
2022-12-10,sus,9002,393644,0,10,9,2,True,True,False,6,0,9
2022-12-10,sus,9002,393644,0,10,9,2,True,True,False,7,0,9
2022-12-10,sus,9002,393644,0,10,9,2,True,True,False,8,0,9
2022-12-10,sus,9002,393644,0,10,9,2,True,True,False,9,0,9
2022-12-10,sus,9002,393644,0,10,9,2,True,True,False,10,0,9
2022-12-10,sus,9038,60849,0,10,3,1,True,True,False,1,0,3
2022-12-10,sus,9038,60849,0,10,3,1,True,True,False,2,0,3
2022-12-10,sus,9038,60849,0,10,3,1,True,True,False,3,0,3
2022-12-10,sus,9038,60849,0,10,3,1,True,True,False,4,0,3
2022-12-10,sus,9038,60849,0,10,3,1,True,True,False,5,0,3
2022-12-10,sus,9038,60849,0,10,3,1,True,True,False,6,0,3
2022-12-10,sus,9038,60849,0,10,3,1,True,True,False,7,0,3
2022-12-10,sus,9038,60849,0,10,3,1,True,True,False,8,0,3
2022-12-10,sus,9038,60849,0,10,3,1,True,True,False,9,0,3
2022-12-10,sus,9038,60849,0,10,3,1,True,True,False,10,0,3
2022-12-10,sus,1299,270111,8,2,12,1,True,True,False,1,0,12
2022-12-10,sus,1299,270111,8,2,12,1,True,True,False,2,8,4
2022-12-10,sus,1299,270111,8,2,12,1,True,True,False,3,1,11
2022-12-10,sus,1299,270111,8,2,12,1,True,True,False,4,7,5
2022-12-10,sus,1299,270111,8,2,12,1,True,True,False,5,7,5
2022-12-10,sus,1299,270111,8,2,12,1,True,True,False,6,12,0
2022-12-10,sus,1299,270111,8,2,12,1,True,True,False,7,12,0
2022-12-10,sus,1299,270111,8,2,12,1,True,True,False,8,12,0
2022-12-10,sus,1299,270111,8,2,12,1,True,True,False,9,12,0
2022-12-10,sus,1299,270111,8,2,12,1,True,True,False,10,12,0
2022-12-10,sus,211943,2111943,1,9,128,2,True,True,False,1,128,0
2022-12-10,sus,211943,2111943,1,9,128,2,True,True,False,2,0,128
2022-12-10,sus,211943,2111943,1,9,128,2,True,True,False,3,47,81
2022-12-10,sus,211943,2111943,1,9,128,2,True,True,False,4,2,126
2022-12-10,sus,211943,2111943,1,9,128,2,True,True,False,5,0,128
2022-12-10,sus,211943,2111943,1,9,128,2,True,True,False,6,10,118
2022-12-10,sus,211943,2111943,1,9,128,2,True,True,False,7,0,128
2022-12-10,sus,211943,2111943,1,9,128,2,True,True,False,8,0,128
2022-12-10,sus,211943,2111943,1,9,128,2,True,True,False,9,0,128
2022-12-10,sus,211943,2111943,1,9,128,2,True,True,False,10,0,128
2022-12-10,sus,25486,31168,0,10,9,1,True,True,False,1,0,9
2022-12-10,sus,25486,31168,0,10,9,1,True,True,False,2,0,9
2022-12-10,sus,25486,31168,0,10,9,1,True,True,False,3,0,9
2022-12-10,sus,25486,31168,0,10,9,1,True,True,False,4,0,9
2022-12-10,sus,25486,31168,0,10,9,1,True,True,False,5,0,9
2022-12-10,sus,25486,31168,0,10,9,1,True,True,False,6,0,9
2022-12-10,sus,25486,31168,0,10,9,1,True,True,False,7,0,9
2022-12-10,sus,25486,31168,0,10,9,1,True,True,False,8,0,9
2022-12-10,sus,25486,31168,0,10,9,1,True,True,False,9,0,9
2022-12-10,sus,25486,31168,0,10,9,1,True,True,False,10,0,9
